-1.22465e-16 -0.25 -0.253002 -0.253002
-0.0315685 -0.249874 -0.246738 -0.250913
-0.0631056 -0.249505 -0.228089 -0.244677
-0.0945798 -0.24891 -0.19747 -0.234388
-0.12596 -0.248123 -0.15556 -0.220199
-0.157214 -0.247188 -0.103284 -0.202319
-0.188312 -0.246158 -0.0417912 -0.18101
-0.219222 -0.245095 0.0275509 -0.15658
-0.249913 -0.244065 0.103159 -0.129386
-0.280355 -0.24314 0.183221 -0.0998263
-0.310518 -0.242392 0.265675 -0.0683441
-0.340371 -0.241889 0.348187 -0.0354273
-0.369885 -0.241696 0.428129 -0.0016084
-0.399031 -0.241871 0.502582 0.0325356
-0.427778 -0.242462 0.568352 0.0663863
-0.456099 -0.243502 0.622027 0.0992893
-0.483966 -0.245014 0.660049 0.130564
-0.51135 -0.247 0.678796 0.159513
-0.538224 -0.249447 0.674651 0.185441
-0.564562 -0.252324 0.644013 0.207662
-0.590337 -0.25558 0.583227 0.225508
-0.615523 -0.259144 0.488394 0.238336
-0.640096 -0.262929 0.35505 0.245518
-0.664031 -0.266827 0.177714 0.246426
-0.687304 -0.270717 -0.0506815 0.240407
-0.709892 -0.274464 -0.339414 0.22675
-0.731772 -0.27792 -0.700528 0.20465
-0.752923 -0.28093 -1.14908 0.173183
-0.773323 -0.283331 -1.7025 0.131298
-0.792953 -0.284961 -2.37821 0.0778624
-0.811792 -0.285658 -3.18776 0.0118004
-0.829821 -0.285264 -4.12587 -0.0676195
-0.847024 -0.28363 -5.1537 -0.160299
-0.863382 -0.28062 -6.18146 -0.264659
-0.87888 -0.276114 -7.06469 -0.377044
-0.893501 -0.270009 -7.63482 -0.491633
-0.907232 -0.262225 -7.7668 -0.601325
-0.920059 -0.252705 -7.44539 -0.699493
-0.931968 -0.241417 -6.77409 -0.781752
-0.942948 -0.228357 -5.91812 -0.846715
-0.952989 -0.213551 -5.03157 -0.895522
-0.962079 -0.19705 -4.2168 -0.930738
-0.970211 -0.178936 -3.52206 -0.955334
-0.977375 -0.159316 -2.95791 -0.972049
-0.983565 -0.138323 -2.51509 -0.983131
-0.988775 -0.116116 -2.17698 -0.990297
-0.992999 -0.0928727 -1.92639 -0.994805
-0.996233 -0.0687899 -1.74861 -0.997537
-0.998474 -0.0440794 -1.63244 -0.999092
-0.99972 -0.018964 -1.5703 -0.999842
-0.999969 0.0063262 -1.55808 -0.999983
-0.999221 0.031558 -1.59495 -0.999551
-0.997478 0.0564994 -1.68338 -0.998434
-0.99474 0.0809233 -1.82919 -0.99635
-0.99101 0.104612 -2.04174 -0.992821
-0.986293 0.127361 -2.33406 -0.987115
-0.980592 0.148982 -2.72231 -0.978175
-0.973914 0.169306 -3.22395 -0.964523
-0.966265 0.188189 -3.85311 -0.944182
-0.957653 0.205508 -4.61108 -0.914643
-0.948087 0.22117 -5.47088 -0.872998
-0.937575 0.235108 -6.3586 -0.816372
-0.926129 0.247282 -7.14366 -0.742767
-0.913759 0.257684 -7.65865 -0.652191
-0.900479 0.266331 -7.75959 -0.54754
-0.886301 0.273267 -7.39866 -0.434494
-0.87124 0.278561 -6.65177 -0.320166
-0.85531 0.282305 -5.67548 -0.211194
-0.838527 0.28461 -4.63282 -0.112358
-0.820909 0.285607 -3.64216 -0.0262194
-0.802472 0.285436 -2.76602 0.0464682
-0.783236 0.284253 -2.02411 0.106095
-0.763218 0.282217 -1.41154 0.153613
-0.74244 0.279491 -0.912823 0.19015
-0.720922 0.276238 -0.510052 0.21681
-0.698685 0.272618 -0.186823 0.234581
-0.675752 0.268781 0.0704193 0.244326
-0.652145 0.264871 0.272278 0.246797
-0.627888 0.261015 0.426848 0.242672
-0.603005 0.257329 0.540327 0.232589
-0.577521 0.253909 0.617623 0.217172
-0.551462 0.250835 0.662869 0.197057
-0.524852 0.248167 0.67981 0.172898
-0.49772 0.245948 0.672058 0.145373
-0.470091 0.244199 0.64322 0.115173
-0.441994 0.242924 0.596922 0.0829983
-0.413456 0.242112 0.536761 0.0495378
-0.384506 0.241735 0.466236 0.0154607
-0.355173 0.24175 0.388655 -0.0185956
-0.325485 0.242105 0.307081 -0.0520328
-0.295473 0.24274 0.224288 -0.0842961
-0.265167 0.243585 0.142756 -0.114875
-0.234597 0.244571 0.0646794 -0.143305
-0.203792 0.245626 -0.0080075 -0.169164
-0.172784 0.246681 -0.0736093 -0.192075
-0.141605 0.247671 -0.130651 -0.211705
-0.110283 0.248538 -0.177874 -0.227769
-0.0788525 0.249234 -0.214239 -0.240031
-0.047343 0.249719 -0.238942 -0.248309
-0.0157862 0.249969 -0.251434 -0.252479
0.0157862 0.249969 -0.251434 -0.252479
0.047343 0.249719 -0.238942 -0.248309
0.0788525 0.249234 -0.214239 -0.240031
0.110283 0.248538 -0.177874 -0.227769
0.141605 0.247671 -0.130651 -0.211705
0.172784 0.246681 -0.0736093 -0.192075
0.203792 0.245626 -0.0080075 -0.169164
0.234597 0.244571 0.0646794 -0.143305
0.265167 0.243585 0.142756 -0.114875
0.295473 0.24274 0.224288 -0.0842961
0.325485 0.242105 0.307081 -0.0520328
0.355173 0.24175 0.388655 -0.0185956
0.384506 0.241735 0.466236 0.0154607
0.413456 0.242112 0.536761 0.0495378
0.441994 0.242924 0.596922 0.0829983
0.470091 0.244199 0.64322 0.115173
0.49772 0.245948 0.672058 0.145373
0.524852 0.248167 0.67981 0.172898
0.551462 0.250835 0.662869 0.197057
0.577521 0.253909 0.617623 0.217172
0.603005 0.257329 0.540327 0.232589
0.627888 0.261015 0.426848 0.242672
0.652145 0.264871 0.272278 0.246797
0.675752 0.268781 0.0704193 0.244326
0.698685 0.272618 -0.186823 0.234581
0.720922 0.276238 -0.510052 0.21681
0.74244 0.279491 -0.912823 0.19015
0.763218 0.282217 -1.41154 0.153613
0.783236 0.284253 -2.02411 0.106095
0.802472 0.285436 -2.76602 0.0464682
0.820909 0.285607 -3.64216 -0.0262194
0.838527 0.28461 -4.63282 -0.112358
0.85531 0.282305 -5.67548 -0.211194
0.87124 0.278561 -6.65177 -0.320166
0.886301 0.273267 -7.39866 -0.434494
0.900479 0.266331 -7.75959 -0.54754
0.913759 0.257684 -7.65865 -0.652191
0.926129 0.247282 -7.14366 -0.742767
0.937575 0.235108 -6.3586 -0.816372
0.948087 0.22117 -5.47088 -0.872998
0.957653 0.205508 -4.61108 -0.914643
0.966265 0.188189 -3.85311 -0.944182
0.973914 0.169306 -3.22395 -0.964523
0.980592 0.148982 -2.72231 -0.978175
0.986293 0.127361 -2.33406 -0.987115
0.99101 0.104612 -2.04174 -0.992821
0.99474 0.0809233 -1.82919 -0.99635
0.997478 0.0564994 -1.68338 -0.998434
0.999221 0.031558 -1.59495 -0.999551
0.999969 0.0063262 -1.55808 -0.999983
0.99972 -0.018964 -1.5703 -0.999842
0.998474 -0.0440794 -1.63244 -0.999092
0.996233 -0.0687899 -1.74861 -0.997537
0.992999 -0.0928727 -1.92639 -0.994805
0.988775 -0.116116 -2.17698 -0.990297
0.983565 -0.138323 -2.51509 -0.983131
0.977375 -0.159316 -2.95791 -0.972049
0.970211 -0.178936 -3.52206 -0.955334
0.962079 -0.19705 -4.2168 -0.930738
0.952989 -0.213551 -5.03157 -0.895522
0.942948 -0.228357 -5.91812 -0.846715
0.931968 -0.241417 -6.77409 -0.781752
0.920059 -0.252705 -7.44539 -0.699493
0.907232 -0.262225 -7.7668 -0.601325
0.893501 -0.270009 -7.63482 -0.491633
0.87888 -0.276114 -7.06469 -0.377044
0.863382 -0.28062 -6.18146 -0.264659
0.847024 -0.28363 -5.1537 -0.160299
0.829821 -0.285264 -4.12587 -0.0676195
0.811792 -0.285658 -3.18776 0.0118004
0.792953 -0.284961 -2.37821 0.0778624
0.773323 -0.283331 -1.7025 0.131298
0.752923 -0.28093 -1.14908 0.173183
0.731772 -0.27792 -0.700528 0.20465
0.709892 -0.274464 -0.339414 0.22675
0.687304 -0.270717 -0.0506815 0.240407
0.664031 -0.266827 0.177714 0.246426
0.640096 -0.262929 0.35505 0.245518
0.615523 -0.259144 0.488394 0.238336
0.590337 -0.25558 0.583227 0.225508
0.564562 -0.252324 0.644013 0.207662
0.538224 -0.249447 0.674651 0.185441
0.51135 -0.247 0.678796 0.159513
0.483966 -0.245014 0.660049 0.130564
0.456099 -0.243502 0.622027 0.0992893
0.427778 -0.242462 0.568352 0.0663863
0.399031 -0.241871 0.502582 0.0325356
0.369885 -0.241696 0.428129 -0.0016084
0.340371 -0.241889 0.348187 -0.0354273
0.310518 -0.242392 0.265675 -0.0683441
0.280355 -0.24314 0.183221 -0.0998263
0.249913 -0.244065 0.103159 -0.129386
0.219222 -0.245095 0.0275509 -0.15658
0.188312 -0.246158 -0.0417912 -0.18101
0.157214 -0.247188 -0.103284 -0.202319
0.12596 -0.248123 -0.15556 -0.220199
0.0945798 -0.24891 -0.19747 -0.234388
0.0631056 -0.249505 -0.228089 -0.244677
0.0315685 -0.249874 -0.246738 -0.250913
1.22465e-16 -0.25 -0.253002 -0.253002
