3 26.4727 23.2843 29.5565 0 0 0
5 5.91822 20.3652 22.534 0 0 0
2 19.6339 13.3791 7.55895 0 0 0
8 21.9453 7.59192 14.9559 0 0 0
1 4.64362 5.58838 25.961 0 0 0
6 7.75473 0.508148 19.2344 0 0 0
7 16.1534 1.30272 29.0164 0 0 0
0 14.9185 1.0558 12.0081 0 0 0
4 24.2303 2.12714 28.3103 0 0 0
16 29.6552 20.786 44.6643 0 0 0
19 30.2279 10.7436 30.6305 0 0 0
11 30.7199 13.3731 41.0927 0 0 0
10 28.1263 4.39646 52.5184 0 0 0
18 23.7711 1.82416 35.5321 0 0 0
17 28.1765 1.43615 45.266 0 0 0
13 17.3414 8.77434 47.6863 0 0 0
12 27.282 4.66559 38.0571 0 0 0
9 23.5484 0.115441 49.5607 0 0 0
15 12.3826 6.49304 39.5333 0 0 0
22 21.2325 41.6226 29.4926 0 0 0
27 10.4908 40.9781 10.316 0 0 0
24 24.9888 49.3564 28.7329 0 0 0
20 18.8207 44.44 15.0935 0 0 0
26 26.7144 53.6399 18.7223 0 0 0
21 30.5263 45.1256 10.843 0 0 0
23 1.49744 39.3324 18.7925 0 0 0
28 31.8701 52.8044 12.06 0 0 0
25 19.976 48.2478 22.0978 0 0 0
33 26.6435 36.9174 47.587 0 0 0
36 18.6953 41.6297 39.3829 0 0 0
35 16.5547 51.6228 51.9513 0 0 0
30 30.3849 46.5563 47.8958 0 0 0
29 12.5925 50.4135 31.6857 0 0 0
34 16.8677 46.4282 45.0263 0 0 0
14 3.46254 53.5881 39.9733 0 0 0
32 10.5848 47.802 39.2578 0 0 0
31 17.1268 44.2434 30.0584 0 0 0
