3 26.2327 24.2317 29.3373 0 0 0
5 5.52773 22.4874 22.6026 0 0 0
8 23.5843 9.33565 14.9587 0 0 0
4 19.0718 2.7109 29.4347 0 0 0
2 2.65592 17.901 7.62025 0 0 0
1 9.46312 7.52486 25.3206 0 0 0
6 10.5014 2.44327 19.173 0 0 0
0 3.89647 2.586 11.8581 0 0 0
11 13.8464 13.965 40.2787 0 0 0
16 27.4401 24.1843 45.1868 0 0 0
9 20.8445 2.50169 48.5393 0 0 0
10 10.5659 5.48077 52.8017 0 0 0
12 1.89061 4.84667 38.2896 0 0 0
13 31.9385 11.1518 47.199 0 0 0
19 0.764559 13.2164 30.0739 0 0 0
7 9.61581 0.915226 30.1792 0 0 0
17 13.0691 2.47101 45.8851 0 0 0
15 1.47495 10.116 38.9166 0 0 0
18 23.5195 4.76842 36.2046 0 0 0
24 31.5046 49.5538 28.671 0 0 0
26 30.1866 53.4352 19.1915 0 0 0
21 16.6912 47.9555 9.81471 0 0 0
28 21.8952 54.4167 12.0768 0 0 0
23 6.67452 40.2947 18.6813 0 0 0
27 2.16884 39.4144 10.6893 0 0 0
20 4.04588 44.7973 16.0389 0 0 0
25 6.35479 48.4995 23.0048 0 0 0
36 31.4215 40.0678 38.0472 0 0 0
35 26.6409 52.9744 51.1676 0 0 0
34 25.3331 46.0313 44.8675 0 0 0
33 2.91933 36.0885 47.5123 0 0 0
29 19.8835 51.0932 32.9521 0 0 0
22 20.3809 43.8562 30.1525 0 0 0
14 7.69039 53.9885 40.8876 0 0 0
30 5.37996 48.0257 48.8134 0 0 0
31 13.0458 42.56 30.7494 0 0 0
32 27.9336 50.0372 39.229 0 0 0
