2 30.0711 20.3798 7.37312 0 0 0
3 26.2768 25.1355 29.2817 0 0 0
7 23.8055 4.27847 29.408 0 0 0
8 13.5869 10.7783 14.41 0 0 0
1 8.61212 8.41761 25.4113 0 0 0
6 1.78204 5.77618 19.2656 0 0 0
0 8.56707 4.01714 12.4136 0 0 0
4 2.44851 3.40579 29.5916 0 0 0
5 5.16202 23.9249 22.8209 0 0 0
9 31.3127 3.51208 49.351 0 0 0
10 14.7972 5.5483 54.3446 0 0 0
11 31.4477 19.4692 40.3497 0 0 0
15 20.3981 10.5876 38.9043 0 0 0
17 17.0613 3.99121 45.9788 0 0 0
13 1.52713 12.9771 46.4449 0 0 0
12 2.38281 8.02335 38.2431 0 0 0
16 27.3048 27.6293 46.2277 0 0 0
18 14.0798 5.5432 36.4659 0 0 0
19 7.05242 14.603 30.6918 0 0 0
20 30.4775 44.2892 17.6257 0 0 0
21 13.8085 48.6158 9.18289 0 0 0
23 13.3036 43.5878 18.1834 0 0 0
28 29.1495 54.7692 11.4761 0 0 0
24 17.5085 52.1864 28.9218 0 0 0
27 30.8088 39.9656 11.042 0 0 0
22 12.6979 43.613 29.7161 0 0 0
26 18.693 54.2896 18.6399 0 0 0
25 29.2446 51.3503 23.2247 0 0 0
30 21.2149 49.139 48.6102 0 0 0
31 24.647 42.2362 30.4434 0 0 0
33 7.42648 38.7949 47.6669 0 0 0
32 19.8445 50.8045 39.2605 0 0 0
29 5.87766 50.9762 32.9407 0 0 0
36 2.78349 41.5766 39.1751 0 0 0
34 1.36431 48.2193 44.0821 0 0 0
14 29.2764 55.8901 40.0502 0 0 0
35 7.3011 54.3517 50.4262 0 0 0
