3 26.5075 22.8565 29.5628 0 0 0
5 6.01837 19.8736 22.4333 0 0 0
2 22.9392 13.3954 7.60538 0 0 0
6 24.723 0.434924 19.3492 0 0 0
4 10.04 0.894114 28.2324 0 0 0
0 29.182 0.528315 11.9991 0 0 0
1 21.6965 5.6378 26.1219 0 0 0
8 2.77541 7.62804 14.7431 0 0 0
7 2.20135 0.810105 28.8497 0 0 0
16 30.4445 19.5755 44.477 0 0 0
11 6.94647 12.1831 41.0207 0 0 0
12 11.4594 3.90146 38.2763 0 0 0
17 10.8826 0.91751 45.6754 0 0 0
10 6.67957 4.2582 52.5791 0 0 0
19 11.3074 9.70918 30.6164 0 0 0
13 28.7336 8.83109 47.8211 0 0 0
18 9.2052 0.507107 35.4902 0 0 0
15 27.9994 6.47649 39.2504 0 0 0
22 29.4019 38.688 29.248 0 0 0
27 17.0567 42.3072 10.4122 0 0 0
20 28.4798 42.6139 15.1442 0 0 0
31 27.8429 42.2116 29.8383 0 0 0
26 10.649 53.3125 18.9472 0 0 0
24 8.19812 48.1549 28.9132 0 0 0
21 7.08716 45.5753 10.5713 0 0 0
25 2.15069 46.9489 22.3035 0 0 0
28 13.5133 53.1997 12.1682 0 0 0
23 7.16999 39.8684 18.6431 0 0 0
33 29.0349 35.411 47.8049 0 0 0
36 25.6515 38.913 39.016 0 0 0
35 28.3404 51.1583 51.5384 0 0 0
34 29.3058 44.7875 44.9935 0 0 0
14 19.9735 54.0922 40.4401 0 0 0
32 25.8934 47.71 39.0483 0 0 0
9 4.54247 55.5312 49.2949 0 0 0
29 29.412 49.9588 31.7665 0 0 0
30 9.74329 46.5939 47.8393 0 0 0
