3 26.2451 24.3454 29.3662 0 0 0
5 5.50042 22.5386 22.6913 0 0 0
6 26.3508 2.51932 19.1662 0 0 0
8 10.8849 9.38814 14.9805 0 0 0
2 1.61386 18.5686 7.60149 0 0 0
1 26.5585 7.41516 25.1003 0 0 0
4 1.65386 2.2066 29.6862 0 0 0
7 23.9906 0.895486 29.9687 0 0 0
0 21.9032 2.81122 11.6754 0 0 0
11 9.51173 14.6747 39.9821 0 0 0
16 27.4809 24.4009 45.2377 0 0 0
19 23.7594 12.6818 30.212 0 0 0
12 18.5358 5.14501 38.2322 0 0 0
18 6.78977 4.80808 36.1084 0 0 0
9 6.94967 2.50555 48.2699 0 0 0
13 22.474 10.7411 47.2183 0 0 0
10 1.15194 6.13497 52.9883 0 0 0
17 30.4769 2.9137 46.0362 0 0 0
15 21.4807 9.66497 38.844 0 0 0
27 29.6066 39.5878 10.8092 0 0 0
23 31.5286 40.351 18.8466 0 0 0
20 26.3459 44.8664 16.594 0 0 0
25 23.0876 48.896 22.9182 0 0 0
24 14.5456 50.5832 28.6014 0 0 0
26 13.6136 53.6895 19.1878 0 0 0
21 6.20004 47.491 9.53984 0 0 0
28 7.6633 54.6461 11.8089 0 0 0
33 32.1751 36.3161 47.4263 0 0 0
30 25.4893 48.3537 48.917 0 0 0
36 23.3078 42.0518 38.3738 0 0 0
35 13.5763 53.2606 50.9127 0 0 0
32 11.2152 50.57 39.2402 0 0 0
29 2.66555 50.1515 32.982 0 0 0
22 8.87799 43.4499 30.1287 0 0 0
34 11.7986 46.6179 44.799 0 0 0
14 23.5114 54.2563 40.9869 0 0 0
31 5.97993 39.3872 30.625 0 0 0
