2 29.8593 20.6366 7.26986 0 0 0
3 26.3315 25.3605 29.269 0 0 0
7 12.8691 4.17301 29.3329 0 0 0
8 7.10795 11.2709 14.4216 0 0 0
0 0.0351639 4.52169 12.5088 0 0 0
4 24.0861 4.17602 29.5912 0 0 0
5 5.20936 24.1138 22.8361 0 0 0
6 24.5809 6.25988 19.3983 0 0 0
1 0.401392 9.33774 25.5409 0 0 0
9 23.5348 3.59576 49.2204 0 0 0
10 10.0617 5.49291 54.4383 0 0 0
11 31.0127 19.6435 40.4886 0 0 0
12 25.8866 8.26876 38.3303 0 0 0
16 27.4332 27.7902 46.4119 0 0 0
18 4.33009 5.66769 36.4956 0 0 0
19 3.79172 15.5119 30.4539 0 0 0
17 8.24896 3.91642 46.0375 0 0 0
13 28.9698 12.804 46.352 0 0 0
14 19.055 0.202416 40.0173 0 0 0
15 13.0181 10.4793 38.92 0 0 0
20 23.5772 45.432 17.4537 0 0 0
21 7.31775 47.9836 9.32684 0 0 0
23 7.57593 42.1839 18.3928 0 0 0
28 20.4239 55.1109 11.4058 0 0 0
22 6.30702 42.1752 29.5792 0 0 0
26 7.86329 54.1514 18.6498 0 0 0
25 18.7491 52.251 23.104 0 0 0
24 6.4483 51.6455 28.676 0 0 0
27 27.4451 40.823 10.995 0 0 0
29 27.716 51.1598 32.852 0 0 0
30 12.8681 49.1457 48.5711 0 0 0
31 18.0753 43.5241 30.4515 0 0 0
33 5.16412 37.981 47.3993 0 0 0
34 25.2728 48.4378 44.0111 0 0 0
35 31.8169 54.2229 50.5258 0 0 0
36 29.5009 41.7648 39.3586 0 0 0
32 9.31581 50.501 39.0628 0 0 0
