3 26.2329 24.2874 29.3539 0 0 0
5 5.46757 22.6259 22.6682 0 0 0
4 25.3076 2.07524 29.7653 0 0 0
6 17.9697 2.49813 19.208 0 0 0
8 4.7811 9.78214 15.0228 0 0 0
7 14.8998 1.14433 29.8981 0 0 0
0 14.7519 2.8086 11.6612 0 0 0
2 1.16354 18.9145 7.5943 0 0 0
1 18.8439 7.22848 25.0602 0 0 0
11 7.73823 15.3366 39.9222 0 0 0
16 27.4661 24.4345 45.2489 0 0 0
19 18.765 12.4132 30.2416 0 0 0
18 30.8953 5.00604 36.1759 0 0 0
13 17.2841 10.498 47.144 0 0 0
17 23.3437 2.91723 46.271 0 0 0
10 28.5892 6.17259 53.0403 0 0 0
15 15.0906 9.32426 38.7854 0 0 0
12 10.7246 5.41738 38.2437 0 0 0
9 0.181466 2.4695 48.1773 0 0 0
27 27.1505 40.0717 10.7067 0 0 0
23 27.4263 41.2232 18.863 0 0 0
20 20.699 45.5626 16.7156 0 0 0
25 14.5723 49.1706 22.848 0 0 0
24 5.93916 50.3783 28.7114 0 0 0
26 5.19338 53.639 19.2707 0 0 0
21 1.45006 47.5349 9.47452 0 0 0
28 0.892671 54.8211 11.6435 0 0 0
33 30.6872 36.4929 47.4819 0 0 0
30 19.1099 48.7499 48.9749 0 0 0
36 17.9283 43.1087 38.462 0 0 0
35 7.07579 53.1456 50.7698 0 0 0
34 5.3574 46.1829 44.6235 0 0 0
14 15.1265 54.4871 40.9874 0 0 0
31 3.16819 38.6029 30.585 0 0 0
32 3.26484 50.1947 39.2023 0 0 0
29 26.6488 50.1261 33.0565 0 0 0
22 4.23236 42.6727 30.1251 0 0 0
