3 26.3085 23.8476 29.3761 0 0 0
5 5.59331 22.0019 22.6031 0 0 0
2 5.04805 16.619 7.76198 0 0 0
8 16.2331 8.96151 14.8281 0 0 0
4 21.8917 1.63646 29.0611 0 0 0
6 11.4475 2.02217 19.4605 0 0 0
1 8.97565 7.23857 26.2552 0 0 0
0 0.922298 2.82185 12.2833 0 0 0
11 23.9559 14.4645 40.6834 0 0 0
16 27.66 23.4357 45.1147 0 0 0
10 31.1779 4.97606 52.1402 0 0 0
13 20.5187 9.541 47.3543 0 0 0
19 22.2703 11.1409 30.0433 0 0 0
7 13.3586 0.593425 30.3232 0 0 0
15 27.4084 8.13231 39.119 0 0 0
18 24.6071 2.65498 36.1904 0 0 0
12 1.58614 4.01018 38.4106 0 0 0
17 10.2664 2.65616 45.6223 0 0 0
9 15.6572 2.14379 48.9963 0 0 0
23 23.0049 41.6901 18.2147 0 0 0
27 12.3505 42.2853 10.6008 0 0 0
20 27.0979 45.7566 15.1771 0 0 0
26 31.5996 54.3309 19.2588 0 0 0
21 5.29172 47.4451 10.1825 0 0 0
25 5.58919 47.8154 22.1441 0 0 0
24 0.919948 49.2331 28.6319 0 0 0
22 6.71903 41.2893 29.7666 0 0 0
28 18.4577 54.4538 12.0624 0 0 0
33 7.09494 37.3327 48.0089 0 0 0
31 31.668 40.031 30.5584 0 0 0
34 17.8664 46.5218 44.7568 0 0 0
36 12.9124 41.864 37.781 0 0 0
30 30.1072 47.2558 48.7491 0 0 0
14 8.64085 53.7846 40.5512 0 0 0
32 27.5843 48.106 39.375 0 0 0
35 19.4593 52.345 51.7893 0 0 0
29 21.7563 49.4654 32.2991 0 0 0
