3 26.4678 23.3494 29.54 0 0 0
5 5.87329 20.5236 22.5856 0 0 0
2 17.9195 13.4787 7.60053 0 0 0
8 15.0928 7.6752 14.9106 0 0 0
6 31.5596 0.649441 19.2475 0 0 0
4 14.9618 2.31745 28.3507 0 0 0
7 7.06019 0.965206 29.1534 0 0 0
1 28.3796 5.61289 25.9463 0 0 0
0 7.66427 1.29776 12.0583 0 0 0
16 29.286 20.9757 44.6332 0 0 0
19 23.5469 10.4404 30.6789 0 0 0
11 26.4904 13.1046 41.0947 0 0 0
10 22.579 4.39721 52.4278 0 0 0
18 14.8467 2.08085 35.6092 0 0 0
17 20.6731 1.76815 45.0906 0 0 0
13 11.2216 8.93426 47.619 0 0 0
12 18.9743 4.75996 37.997 0 0 0
9 16.8268 0.376372 49.6244 0 0 0
15 4.66508 6.65204 39.5974 0 0 0
23 30.3654 39.7537 18.503 0 0 0
22 16.3849 42.2938 29.5351 0 0 0
27 7.98717 39.9833 10.2315 0 0 0
24 16.5382 50.0467 28.7147 0 0 0
25 12.0635 47.9144 22.2558 0 0 0
26 18.1068 53.9895 18.7705 0 0 0
21 25.8603 45.958 10.7395 0 0 0
20 13.2889 44.5083 15.2214 0 0 0
28 24.8561 53.1824 11.9455 0 0 0
33 25.1941 37.9232 47.7614 0 0 0
36 14.5242 41.6864 39.314 0 0 0
14 27.7246 53.6576 39.7706 0 0 0
35 10.7306 51.2966 51.9516 0 0 0
31 11.3098 43.4484 30.2271 0 0 0
29 5.05356 49.3003 31.7955 0 0 0
34 10.7346 45.865 44.709 0 0 0
30 24.6386 47.3635 48.0991 0 0 0
32 3.93188 46.9769 39.2879 0 0 0
