3 26.3291 23.673 29.3985 0 0 0
5 5.65875 21.6291 22.577 0 0 0
2 7.78201 15.2029 7.78094 0 0 0
0 22.6772 2.88288 12.4399 0 0 0
4 16.4661 1.83037 28.725 0 0 0
6 4.53735 1.25566 19.7161 0 0 0
8 2.44136 8.7715 14.8273 0 0 0
1 1.37464 6.7772 26.4771 0 0 0
16 27.7826 22.9653 45.0336 0 0 0
15 16.5188 8.12497 39.5132 0 0 0
12 25.7453 4.6942 38.527 0 0 0
17 0.392149 2.29143 45.2084 0 0 0
7 8.10079 0.310541 30.101 0 0 0
18 18.2741 2.73358 36.1517 0 0 0
11 -0.0647354 15.1735 40.4677 0 0 0
19 8.50767 10.7254 30.6049 0 0 0
10 15.4719 4.63753 51.7973 0 0 0
13 4.62544 9.73045 47.6019 0 0 0
9 3.5187 1.25311 49.4622 0 0 0
27 23.2884 41.5204 10.6808 0 0 0
24 25.5377 49.5719 28.6065 0 0 0
25 28.5415 46.8399 22.1218 0 0 0
26 24.8584 54.2276 19.2321 0 0 0
21 21.5368 48.6114 10.111 0 0 0
20 10.2907 45.0669 15.3574 0 0 0
23 2.39052 39.9197 17.9646 0 0 0
22 20.5203 42.6566 29.5778 0 0 0
28 7.70142 53.8043 11.8169 0 0 0
33 11.0135 39.5261 48.3092 0 0 0
36 26.099 40.1856 38.0802 0 0 0
31 11.6178 42.6211 30.2188 0 0 0
29 13.2797 50.0504 32.0987 0 0 0
35 4.56763 51.2208 52.0778 0 0 0
14 1.20929 53.542 39.8909 0 0 0
30 15.1476 48.6822 48.7386 0 0 0
34 2.99799 44.865 44.1871 0 0 0
32 17.78 48.7662 39.5567 0 0 0
