0 22.1403 4.5141 12.7187 0 0 0
1 23.1827 9.06086 25.6222 0 0 0
2 29.0235 20.8402 7.13433 0 0 0
3 26.2037 25.546 29.295 0 0 0
8 0.0450459 11.8548 14.3801 0 0 0
4 12.4872 4.46759 29.7291 0 0 0
5 4.79706 24.3192 22.8291 0 0 0
6 13.9098 6.12551 19.5178 0 0 0
7 1.68086 4.50004 29.2886 0 0 0
9 13.8635 3.65303 49.084 0 0 0
10 4.11679 5.6624 54.4105 0 0 0
11 29.5533 19.8763 40.4246 0 0 0
12 16.036 8.16863 38.4803 0 0 0
17 30.5631 4.10515 46.2317 0 0 0
18 25.9899 5.53621 36.4874 0 0 0
19 31.2455 16.0104 30.231 0 0 0
13 23.0769 12.1272 46.2976 0 0 0
14 7.56064 0.518625 39.94 0 0 0
15 5.0454 11.3359 38.818 0 0 0
16 27.1796 27.8957 46.4031 0 0 0
20 13.9807 46.1048 17.4124 0 0 0
21 0.100936 47.7814 9.57368 0 0 0
22 31.4484 41.9454 29.5832 0 0 0
23 1.247 41.465 18.4187 0 0 0
28 10.203 55.2993 11.6553 0 0 0
24 27.4034 51.3981 28.6196 0 0 0
25 7.03623 52.175 23.3298 0 0 0
26 28.6115 54.1621 18.6927 0 0 0
27 22.0371 42.2873 10.7783 0 0 0
29 16 51.5839 33.1345 0 0 0
30 3.56173 48.8137 48.4555 0 0 0
31 10.2954 42.7897 30.6039 0 0 0
32 30.5937 50.6081 38.8322 0 0 0
33 1.62298 37.3974 47.305 0 0 0
34 14.6534 48.9356 44.1474 0 0 0
35 22.8717 54.6147 50.6847 0 0 0
36 22.5475 43.0766 39.6563 0 0 0
