3 26.5326 22.8284 29.555 0 0 0
5 6.08986 19.6675 22.4249 0 0 0
2 24.5887 13.5401 7.62309 0 0 0
8 9.09278 7.46259 14.6144 0 0 0
1 30.0059 5.78539 26.1832 0 0 0
0 3.87574 0.460264 11.9312 0 0 0
6 0.843744 0.426388 19.4355 0 0 0
7 11.1942 0.585012 28.8801 0 0 0
4 19.2195 0.667686 28.243 0 0 0
16 31.0709 19.0602 44.4003 0 0 0
11 11.9816 11.5492 40.9453 0 0 0
12 19.8713 3.89315 38.4616 0 0 0
17 18.4143 0.895027 45.9145 0 0 0
15 3.50157 6.16653 39.102 0 0 0
19 18.3717 9.63207 30.7174 0 0 0
18 18.2613 0.27901 35.5658 0 0 0
10 12.0658 4.21081 52.522 0 0 0
13 2.19403 8.6078 47.881 0 0 0
27 20.6896 41.7717 10.4809 0 0 0
31 31.9579 41.8529 29.8362 0 0 0
21 11.7534 46.3998 10.4295 0 0 0
25 8.57116 47.491 22.4988 0 0 0
22 0.396685 38.1764 29.111 0 0 0
20 0.47329 42.5459 15.1873 0 0 0
28 20.542 53.1488 12.1648 0 0 0
23 9.99978 40.8128 18.5526 0 0 0
26 18.8008 53.3153 19.0356 0 0 0
24 16.2133 48.2905 28.8702 0 0 0
33 29.8445 34.9889 47.7895 0 0 0
36 28.151 38.1536 38.7368 0 0 0
14 28.2411 53.9977 40.5761 0 0 0
29 5.18141 49.6166 31.8987 0 0 0
9 11.1689 55.443 49.1333 0 0 0
35 2.04438 50.954 51.3929 0 0 0
30 15.9578 46.9084 47.9446 0 0 0
34 2.74882 44.2481 44.9384 0 0 0
32 0.990622 47.1978 38.9315 0 0 0
