3 26.8127 22.525 29.8737 0 0 0
5 6.90467 17.9208 22.441 0 0 0
8 23.0735 6.90941 13.9894 0 0 0
6 28.0553 0.448067 19.1961 0 0 0
1 25.0242 5.78939 26.1697 0 0 0
2 4.46188 13.1181 7.62002 0 0 0
10 20.8404 3.16885 51.7141 0 0 0
16 5.77645 16.0896 44.6567 0 0 0
13 11.544 7.36133 48.1578 0 0 0
18 15.3473 0.367065 35.6277 0 0 0
15 28.0759 5.48928 38.9336 0 0 0
12 13.4188 3.59338 38.8309 0 0 0
11 18.8615 10.7751 40.4639 0 0 0
19 4.32286 8.9984 31.4101 0 0 0
22 23.9351 40.6488 29.467 0 0 0
25 26.6322 47.1535 21.9948 0 0 0
4 17.6777 55.8832 28.2119 0 0 0
0 20.651 55.4708 11.8958 0 0 0
7 10.4701 55.819 28.3318 0 0 0
23 1.66728 38.0315 19.2113 0 0 0
28 4.31843 52.5878 11.9569 0 0 0
21 13.0104 45.747 10.7164 0 0 0
26 11.2894 52.2202 19.0429 0 0 0
27 4.72787 37.7692 10.3254 0 0 0
24 4.42302 47.8961 28.3641 0 0 0
20 1.49545 43.0215 15.6125 0 0 0
31 31.3123 40.3389 30.5338 0 0 0
29 29.1622 49.3546 32.4377 0 0 0
33 3.45574 34.1575 47.128 0 0 0
32 17.5091 47.6162 38.6387 0 0 0
14 22.0372 53.6791 40.8256 0 0 0
36 13.8944 41.3615 38.1976 0 0 0
17 6.43346 55.9215 46.3097 0 0 0
9 28.0947 55.0634 48.6488 0 0 0
34 8.05489 44.2564 44.6033 0 0 0
35 9.58547 49.9174 51.7361 0 0 0
30 24.8598 45.9147 48.3704 0 0 0
