3 26.3694 23.3923 29.5149 0 0 0
5 5.77414 21.0124 22.5525 0 0 0
2 13.1154 13.9384 7.75904 0 0 0
0 18.8692 1.86573 12.3156 0 0 0
8 28.0626 8.25126 14.8195 0 0 0
7 12.4761 0.5972 29.4299 0 0 0
1 2.76621 6.10516 26.1834 0 0 0
4 20.4086 1.87834 28.5552 0 0 0
6 6.36213 1.07442 19.4902 0 0 0
16 28.3961 21.665 44.7784 0 0 0
17 30.467 2.33042 44.7178 0 0 0
13 26.6229 9.67417 47.5284 0 0 0
15 13.7966 6.61506 39.7857 0 0 0
10 5.90899 4.26154 51.9264 0 0 0
18 21.0646 2.19547 35.8123 0 0 0
9 29.7558 0.908621 49.7083 0 0 0
11 13.1938 13.1299 40.9499 0 0 0
12 26.3788 4.85692 37.9117 0 0 0
19 3.06204 10.9618 31.0726 0 0 0
25 24.8104 46.4464 22.6253 0 0 0
24 25.8162 48.8205 28.9832 0 0 0
23 18.0851 42.6987 17.5657 0 0 0
26 25.7355 53.9861 19.0564 0 0 0
27 1.60541 38.6088 10.8407 0 0 0
22 5.00111 40.082 29.3789 0 0 0
21 9.5409 47.1723 10.6019 0 0 0
28 3.4689 53.5319 11.6624 0 0 0
20 31.1001 43.3219 15.7595 0 0 0
33 19.3011 40.8516 48.5599 0 0 0
31 31.3735 40.8753 30.349 0 0 0
36 5.44969 38.867 38.7301 0 0 0
32 15.6316 47.9076 39.4697 0 0 0
35 27.0679 50.9118 52.1541 0 0 0
14 2.83486 53.693 39.447 0 0 0
30 6.22341 47.2254 48.2319 0 0 0
29 14.5468 49.5639 31.8601 0 0 0
34 26.8065 45.5341 43.6468 0 0 0
