3 26.776 22.6108 29.8219 0 0 0
5 6.72584 18.2088 22.4533 0 0 0
8 16.345 6.8801 13.9675 0 0 0
6 19.5431 0.433747 19.179 0 0 0
1 16.4645 5.66583 26.1645 0 0 0
2 2.31799 13.6138 7.64042 0 0 0
19 29.3236 9.31 31.4337 0 0 0
10 14.7403 3.29972 51.8241 0 0 0
16 4.50931 16.7072 44.6325 0 0 0
13 5.36992 7.56677 48.1318 0 0 0
18 6.53351 0.170534 35.7182 0 0 0
15 20.0192 5.34258 38.9085 0 0 0
12 5.12032 3.63714 38.9343 0 0 0
11 12.7044 10.6779 40.4679 0 0 0
23 31.1768 38.243 19.2284 0 0 0
28 29.4848 52.6431 11.9177 0 0 0
22 20.0686 41.7887 29.3506 0 0 0
20 29.3454 42.9989 15.5602 0 0 0
25 19.2207 47.6674 21.8323 0 0 0
4 8.54749 55.8761 28.269 0 0 0
21 8.19992 45.3881 10.752 0 0 0
26 3.19078 52.4278 19.0167 0 0 0
24 29.0956 48.4489 28.4163 0 0 0
27 3.12023 37.6876 10.632 0 0 0
0 13.3891 55.5649 11.7677 0 0 0
7 1.45654 56.0862 28.4516 0 0 0
31 27.4608 41.1909 30.4706 0 0 0
29 21.0469 49.9712 32.2793 0 0 0
33 2.70746 34.0144 47.1786 0 0 0
32 10.1642 47.188 38.5299 0 0 0
30 19.0698 46.5509 48.389 0 0 0
17 31.1216 55.978 46.4228 0 0 0
14 13.528 53.6727 40.7889 0 0 0
36 10.7214 40.3405 38.2347 0 0 0
9 21.127 55.2356 48.6315 0 0 0
34 3.25383 43.3918 44.5023 0 0 0
35 4.34998 49.7582 51.5785 0 0 0
