3 26.2354 24.3711 29.3541 0 0 0
5 5.52613 22.5212 22.6835 0 0 0
8 17.2621 9.2669 14.9487 0 0 0
4 10.1545 2.45312 29.5105 0 0 0
0 28.924 2.74084 11.7748 0 0 0
2 2.12536 18.237 7.60001 0 0 0
1 1.97153 7.61631 25.2245 0 0 0
6 2.40059 2.51957 19.1987 0 0 0
11 11.5586 14.2263 40.1149 0 0 0
16 27.4788 24.3791 45.2323 0 0 0
19 28.4802 13.2354 30.1326 0 0 0
12 26.3098 5.08673 38.2413 0 0 0
13 27.3961 11.1054 47.2219 0 0 0
10 5.71911 5.82936 52.9176 0 0 0
17 5.60851 2.70833 45.89 0 0 0
7 0.775179 0.824985 30.0737 0 0 0
15 27.6626 10.1016 38.8601 0 0 0
18 15.1178 4.68826 36.1029 0 0 0
9 13.8564 2.534 48.4242 0 0 0
27 31.9578 39.3774 10.7896 0 0 0
20 31.288 44.5273 16.4079 0 0 0
25 30.8769 48.3835 23.0637 0 0 0
24 23.325 50.1841 28.6014 0 0 0
26 22.1663 53.5546 19.1332 0 0 0
21 11.2155 47.7776 9.63387 0 0 0
28 14.7131 54.5677 11.9408 0 0 0
23 3.24261 40.0505 18.7994 0 0 0
30 31.4024 48.0277 48.8159 0 0 0
36 27.5812 40.8815 38.2422 0 0 0
35 20.1998 53.2596 51.0762 0 0 0
14 31.5785 54.0076 40.9077 0 0 0
34 18.6668 46.7063 44.8757 0 0 0
33 1.61415 36.1644 47.4669 0 0 0
31 9.02076 40.8817 30.6691 0 0 0
32 19.6456 50.6904 39.2279 0 0 0
29 10.9031 50.8391 32.9883 0 0 0
22 14.2933 44.2634 30.1438 0 0 0
