3 26.3186 23.8001 29.3844 0 0 0
5 5.65188 21.7658 22.5843 0 0 0
2 6.74118 15.6661 7.8216 0 0 0
8 28.6117 9.14601 14.7356 0 0 0
6 28.3005 1.52642 19.6481 0 0 0
1 25.4636 6.99479 26.4251 0 0 0
0 15.3071 2.9546 12.4461 0 0 0
4 7.32888 1.54141 28.8729 0 0 0
11 29.2745 15.1456 40.5221 0 0 0
16 27.751 23.3223 45.0804 0 0 0
13 31.5079 9.85412 47.569 0 0 0
15 9.08912 8.25264 39.3936 0 0 0
12 17.5892 4.60053 38.6004 0 0 0
17 25.1594 2.51616 45.415 0 0 0
9 29.1267 1.51025 49.3326 0 0 0
7 31.2406 0.183135 30.1875 0 0 0
18 9.45808 2.65764 36.2247 0 0 0
19 2.22539 11.2638 30.3921 0 0 0
10 9.85093 4.69075 51.8562 0 0 0
23 30.7307 39.9673 18.0627 0 0 0
27 19.7556 42.5859 10.5605 0 0 0
24 17.0247 50.2397 28.526 0 0 0
25 21.0993 47.8255 22.0279 0 0 0
26 16.1686 54.5424 19.2444 0 0 0
22 15.2613 42.9611 29.6744 0 0 0
28 0.721272 53.8638 11.9641 0 0 0
21 15.739 48.8131 9.95872 0 0 0
20 5.20406 44.7877 15.4153 0 0 0
33 9.64046 38.7289 48.1889 0 0 0
34 29.8419 45.0118 44.3588 0 0 0
36 22.0748 41.5886 37.9924 0 0 0
35 31.1105 51.3784 52.0006 0 0 0
31 7.03122 41.2931 30.2845 0 0 0
30 9.06459 48.0804 48.7566 0 0 0
29 5.0996 49.2167 32.1411 0 0 0
14 25.1868 53.8543 40.1626 0 0 0
32 9.79614 48.4541 39.436 0 0 0
