2 30.8805 20.2311 7.43545 0 0 0
3 26.216 24.9071 29.3636 0 0 0
8 29.5222 11.2781 14.4187 0 0 0
0 29.7255 3.47614 12.2154 0 0 0
4 28.3979 2.40569 29.8085 0 0 0
5 5.31661 23.3365 22.8486 0 0 0
1 30.4799 8.49798 25.5415 0 0 0
6 25.1552 4.14433 19.3144 0 0 0
7 17.3842 3.35978 29.3745 0 0 0
10 27.4337 5.8061 53.6042 0 0 0
12 23.923 7.89691 38.2575 0 0 0
19 18.8953 13.1194 30.6238 0 0 0
9 17.4743 3.13573 49.5772 0 0 0
17 4.92441 4.08557 46.4441 0 0 0
18 5.45758 5.25684 35.8118 0 0 0
15 5.21394 11.0372 38.7135 0 0 0
16 27.3557 26.8749 45.9883 0 0 0
11 1.16242 19.0734 40.3642 0 0 0
13 14.4125 11.5897 46.3269 0 0 0
21 29.6824 47.8741 9.50584 0 0 0
23 28.6141 41.8251 18.3481 0 0 0
25 21.8302 50.3096 23.3576 0 0 0
20 14.4356 45.1935 17.4649 0 0 0
27 5.98776 40.453 10.938 0 0 0
28 17.8873 54.647 11.1656 0 0 0
26 11.2634 54.3988 18.689 0 0 0
24 10.3848 51.5458 28.946 0 0 0
33 13.8171 41.3433 48.4221 0 0 0
35 26.0281 54.1358 50.2105 0 0 0
36 17.2182 43.609 38.4997 0 0 0
32 10.6019 51.3091 39.3829 0 0 0
31 4.8947 40.5634 30.5185 0 0 0
34 22.0007 48.9925 44.1504 0 0 0
30 6.28608 48.8224 48.5109 0 0 0
22 29.9535 42.2276 30.1314 0 0 0
29 31.3454 50.7667 33.4868 0 0 0
14 21.3648 55.8912 39.9603 0 0 0
