2 31.0671 20.1026 7.46198 0 0 0
3 26.2143 24.845 29.3689 0 0 0
1 5.68192 8.30812 25.5183 0 0 0
7 26.2946 3.09595 29.4437 0 0 0
5 5.3168 23.2393 22.8522 0 0 0
0 4.82714 3.33136 12.175 0 0 0
8 2.64266 11.1836 14.4009 0 0 0
6 1.0751 3.71405 19.4956 0 0 0
4 4.9428 2.21181 29.8512 0 0 0
12 31.1886 7.9171 38.1969 0 0 0
19 23.5195 13.2108 30.5887 0 0 0
9 24.0831 2.97054 49.4334 0 0 0
11 1.79505 18.6454 40.3465 0 0 0
16 27.3848 26.5444 45.9151 0 0 0
10 0.0518379 5.8281 53.3755 0 0 0
13 19.6213 11.4849 46.2595 0 0 0
17 11.8938 3.97389 46.6684 0 0 0
18 13.7066 4.95863 35.7458 0 0 0
15 11.1878 10.7171 38.7213 0 0 0
25 30.0041 49.6217 23.3894 0 0 0
20 20.7365 44.9438 17.4423 0 0 0
27 8.81015 41.2583 10.8404 0 0 0
28 24.9918 54.489 11.073 0 0 0
26 19.9491 54.3988 18.7095 0 0 0
24 19.3122 51.5154 28.9225 0 0 0
21 2.58277 47.8829 9.63411 0 0 0
23 0.731743 41.262 18.4366 0 0 0
33 17.0517 41.6136 48.4598 0 0 0
36 23.042 42.6009 38.4498 0 0 0
32 19.1163 51.587 39.3315 0 0 0
30 12.5659 49.4689 48.5514 0 0 0
14 29.7361 55.5642 40.0407 0 0 0
29 7.55912 50.8436 33.4934 0 0 0
31 9.00931 41.32 30.5998 0 0 0
34 29.0555 47.9844 44.1017 0 0 0
22 2.6251 42.2441 30.1904 0 0 0
35 0.347674 53.7749 50.1789 0 0 0
