2 30.2806 20.2384 7.42492 0 0 0
3 26.2404 24.9999 29.2803 0 0 0
8 19.2524 10.7633 14.4248 0 0 0
0 15.9601 3.72563 12.286 0 0 0
4 11.5347 2.68549 29.6286 0 0 0
5 5.19568 23.6207 22.8671 0 0 0
1 16.3528 8.00492 25.3943 0 0 0
6 9.77962 4.95378 19.1174 0 0 0
7 0.821188 4.0972 29.3655 0 0 0
10 18.9966 5.58633 54.094 0 0 0
11 31.9477 19.2569 40.2284 0 0 0
15 26.4974 10.9172 38.8132 0 0 0
12 9.79789 7.67361 38.2742 0 0 0
16 27.2824 27.3744 46.0753 0 0 0
18 22.5071 5.4815 36.218 0 0 0
19 10.5844 13.6757 30.7642 0 0 0
17 24.2892 4.04072 46.0778 0 0 0
13 5.5462 12.5944 46.4738 0 0 0
9 5.46683 3.41927 49.515 0 0 0
21 19.5998 48.6424 9.16369 0 0 0
23 19.0408 43.8309 18.1091 0 0 0
25 5.5339 50.6613 23.335 0 0 0
20 3.7618 43.934 17.6354 0 0 0
27 1.20158 39.6493 11.0578 0 0 0
28 4.23901 54.5725 11.3777 0 0 0
22 19.3167 43.9841 29.9009 0 0 0
26 27.6479 54.1179 18.6602 0 0 0
24 26.8447 51.735 29.0441 0 0 0
30 27.5257 48.6527 48.5719 0 0 0
31 29.18 40.964 30.3578 0 0 0
33 9.29965 39.5766 47.9799 0 0 0
32 28.2841 50.4799 39.3261 0 0 0
14 5.50831 55.7738 40.0122 0 0 0
35 13.7834 54.5114 50.3272 0 0 0
29 15.0458 51.3785 33.2277 0 0 0
36 7.27647 42.17 38.8875 0 0 0
34 8.13585 48.7754 44.1455 0 0 0
