3 26.5847 22.8861 29.5859 0 0 0
5 6.24504 19.2755 22.3729 0 0 0
2 27.7647 14.0256 7.58651 0 0 0
8 22.3348 7.49671 14.5858 0 0 0
6 17.657 0.67373 19.5707 0 0 0
4 5.11705 0.403724 28.226 0 0 0
7 29.5812 0.235953 28.7415 0 0 0
1 14.7095 5.78422 26.2226 0 0 0
0 17.7035 0.591747 11.718 0 0 0
11 23.0427 11.4819 40.8073 0 0 0
10 23.518 3.92562 52.2783 0 0 0
13 14.0359 8.18893 47.9117 0 0 0
19 32.2896 9.77648 31.0122 0 0 0
15 19.6236 5.6223 38.8885 0 0 0
18 3.91843 0.133061 35.6875 0 0 0
17 1.3625 0.542433 46.1634 0 0 0
16 0.611843 18.3122 44.4658 0 0 0
12 4.31252 3.98327 38.7124 0 0 0
27 26.697 39.6327 10.7751 0 0 0
21 22.2358 46.4658 10.3712 0 0 0
25 23.4619 47.7106 22.6244 0 0 0
24 31.2403 47.3538 28.5768 0 0 0
26 2.73187 52.8196 18.9046 0 0 0
28 2.00506 52.5941 12.0112 0 0 0
22 5.78534 38.8353 29.0552 0 0 0
20 9.02995 43.9153 15.1558 0 0 0
23 17.4323 42.2386 18.5765 0 0 0
31 8.13082 42.7127 30.0865 0 0 0
33 31.5653 34.5652 47.5587 0 0 0
29 21.7852 49.5392 32.1573 0 0 0
34 13.8933 44.8041 44.9886 0 0 0
9 25.1239 55.0336 48.7898 0 0 0
14 12.7109 54.2283 40.5866 0 0 0
32 15.4862 47.5392 38.6502 0 0 0
36 0.925654 37.9061 38.443 0 0 0
35 13.794 51.1877 51.4985 0 0 0
30 28.243 45.9976 47.9086 0 0 0
