3 26.394 23.3448 29.5447 0 0 0
5 5.78776 20.85 22.5633 0 0 0
2 14.6369 13.7859 7.73008 0 0 0
0 25.9131 1.69375 12.2455 0 0 0
7 21.6133 0.705183 29.2773 0 0 0
1 11.1126 5.7063 26.1044 0 0 0
8 2.10298 8.18982 14.8674 0 0 0
4 29.316 1.91396 28.4829 0 0 0
6 14.7866 1.0348 19.3927 0 0 0
16 28.5865 21.4586 44.7223 0 0 0
13 31.9427 9.63983 47.5498 0 0 0
15 21.6026 6.53006 39.7664 0 0 0
19 9.53432 10.492 31.058 0 0 0
11 17.4309 12.903 41.0415 0 0 0
12 2.39498 4.89657 37.8958 0 0 0
9 3.8908 0.699401 49.6845 0 0 0
10 11.4014 4.29282 52.1234 0 0 0
18 29.6728 2.12064 35.7076 0 0 0
17 5.6838 2.19477 44.8053 0 0 0
25 31.189 46.0627 22.6561 0 0 0
23 22.945 41.7389 17.7974 0 0 0
22 8.50323 40.7526 29.4364 0 0 0
27 3.86907 38.7214 10.5739 0 0 0
20 3.74677 43.3017 15.6909 0 0 0
28 10.3135 53.6059 11.7215 0 0 0
24 1.25053 48.7144 28.9505 0 0 0
26 1.66875 53.7455 19.016 0 0 0
21 14.957 47.2649 10.559 0 0 0
33 21.5698 40.061 48.3713 0 0 0
36 8.06508 39.7084 38.9247 0 0 0
32 23.2435 47.4235 39.3728 0 0 0
14 11.0883 53.8946 39.5487 0 0 0
30 12.084 47.7392 48.2506 0 0 0
35 0.194136 50.7096 52.0086 0 0 0
29 22.8215 49.2011 31.8468 0 0 0
31 3.01488 41.0247 30.3551 0 0 0
34 0.254849 44.9296 43.8414 0 0 0
