3 26.3183 23.859 29.3745 0 0 0
5 5.62985 21.8608 22.5952 0 0 0
2 5.82371 16.1657 7.80845 0 0 0
8 22.5792 9.08894 14.7342 0 0 0
4 30.6794 1.42649 28.9795 0 0 0
6 19.927 1.82346 19.5563 0 0 0
1 17.2292 7.03549 26.3605 0 0 0
0 7.97023 2.84406 12.4358 0 0 0
11 26.6632 14.8316 40.6083 0 0 0
16 27.7206 23.4489 45.1223 0 0 0
13 26.18 9.69037 47.4893 0 0 0
15 2.17004 8.3847 39.2433 0 0 0
17 17.728 2.67044 45.5588 0 0 0
9 22.509 1.85144 49.1694 0 0 0
19 28.35 11.3316 30.1758 0 0 0
7 22.4423 0.399284 30.2605 0 0 0
18 1.06523 2.57047 36.2043 0 0 0
10 4.39831 4.85514 51.9558 0 0 0
12 9.4813 4.36978 38.5207 0 0 0
23 27.0329 40.558 18.1348 0 0 0
27 15.9216 42.8809 10.5458 0 0 0
24 8.63683 49.7593 28.5379 0 0 0
25 13.1095 48.1276 22.0336 0 0 0
21 10.2253 48.2625 9.99592 0 0 0
20 0.282883 44.9888 15.3443 0 0 0
26 7.60509 54.3729 19.2747 0 0 0
22 10.6271 42.1268 29.7343 0 0 0
28 25.7219 54.2291 12.0207 0 0 0
33 8.35185 38.0129 48.0796 0 0 0
34 24.1588 45.7766 44.5611 0 0 0
36 17.3872 42.3994 37.8927 0 0 0
35 25.4897 51.8371 51.9096 0 0 0
14 16.9044 54.0958 40.3983 0 0 0
32 2.60921 47.9093 39.3906 0 0 0
31 3.23379 40.296 30.4084 0 0 0
30 3.50346 47.401 48.7436 0 0 0
29 29.6335 48.9201 32.2134 0 0 0
