3 26.4787 23.0325 29.5737 0 0 0
5 5.9623 20.1294 22.4569 0 0 0
2 21.2905 13.3395 7.58696 0 0 0
8 28.5525 7.6512 14.9164 0 0 0
6 16.2755 0.488156 19.2518 0 0 0
7 25.3371 1.19433 28.8654 0 0 0
4 1.15694 1.45054 28.2584 0 0 0
0 22.2532 0.758973 12.022 0 0 0
1 13.118 5.52248 26.021 0 0 0
16 29.9618 20.2426 44.5898 0 0 0
11 2.67333 13.0178 41.0631 0 0 0
12 3.27568 4.24486 38.1289 0 0 0
17 3.50011 1.08819 45.4334 0 0 0
10 1.45687 4.33673 52.5643 0 0 0
19 4.51565 10.3089 30.6154 0 0 0
13 23.2389 8.81814 47.7512 0 0 0
18 0.455647 1.12528 35.4627 0 0 0
15 20.32 6.50678 39.4046 0 0 0
22 25.8192 39.9733 29.3794 0 0 0
27 13.525 41.9241 10.3886 0 0 0
20 24.0704 43.4261 15.095 0 0 0
31 23.0896 43.3226 29.9122 0 0 0
26 2.78487 53.2503 18.822 0 0 0
24 0.7633 48.3284 28.8603 0 0 0
21 2.83933 44.9698 10.7524 0 0 0
25 27.5846 47.3613 22.1507 0 0 0
28 6.65283 52.8765 12.1353 0 0 0
23 4.43149 39.3476 18.786 0 0 0
33 27.9765 36.0798 47.6933 0 0 0
36 22.6916 40.3135 39.2819 0 0 0
35 22.5468 51.5001 51.787 0 0 0
34 23.3995 45.8207 45.0826 0 0 0
14 11.5344 53.8776 40.2117 0 0 0
9 30.0982 55.7929 49.428 0 0 0
32 18.2486 48.2148 39.17 0 0 0
29 21.1754 50.609 31.6672 0 0 0
30 3.97933 46.2758 47.7606 0 0 0
