3 26.2479 24.0847 29.3426 0 0 0
5 5.53544 22.4027 22.5573 0 0 0
8 29.6135 9.46358 14.9866 0 0 0
4 27.7432 2.60804 29.4929 0 0 0
2 3.24237 17.6086 7.63665 0 0 0
1 17.386 7.48085 25.4294 0 0 0
6 18.8924 2.40483 19.1344 0 0 0
0 11.1242 2.54216 11.9156 0 0 0
11 16.2575 13.9321 40.4362 0 0 0
16 27.4579 23.8952 45.1254 0 0 0
9 27.6336 2.43346 48.6387 0 0 0
10 15.6407 5.25047 52.6896 0 0 0
7 18.7427 0.985699 30.2744 0 0 0
17 20.6373 2.44244 45.9034 0 0 0
15 7.38559 9.45488 38.9738 0 0 0
18 31.4912 4.5153 36.2804 0 0 0
13 4.53969 10.6394 47.2032 0 0 0
12 9.55704 4.30587 38.3269 0 0 0
19 5.19856 12.4405 30.0371 0 0 0
21 22.2716 47.6334 10.0609 0 0 0
28 28.9076 54.2 12.2113 0 0 0
23 9.92513 41.1845 18.492 0 0 0
27 4.29701 39.7916 10.6181 0 0 0
20 8.94964 45.7223 15.5658 0 0 0
25 14.3051 48.9551 22.7663 0 0 0
24 7.55448 49.5962 28.6947 0 0 0
26 6.05483 53.8807 19.2549 0 0 0
34 31.3934 45.5875 44.7884 0 0 0
33 4.06279 36.1057 47.6382 0 0 0
31 18.4421 43.0393 30.8463 0 0 0
29 28.5692 50.443 32.8232 0 0 0
22 26.0454 42.5366 30.1483 0 0 0
14 16.1499 53.9808 40.9124 0 0 0
30 11.6006 48.2339 48.8347 0 0 0
36 3.03616 39.6119 37.8181 0 0 0
32 3.75868 49.4914 39.2888 0 0 0
35 0.812181 52.6834 51.2491 0 0 0
