3 26.4282 23.3279 29.5468 0 0 0
5 5.82604 20.6662 22.5947 0 0 0
2 16.2194 13.6316 7.68433 0 0 0
8 8.38789 7.87235 14.8927 0 0 0
1 19.8343 5.57542 25.9999 0 0 0
0 0.711092 1.48824 12.1592 0 0 0
6 23.3169 0.875704 19.2939 0 0 0
4 5.95132 2.0539 28.429 0 0 0
7 30.3876 0.690348 29.226 0 0 0
16 28.8577 21.1627 44.6612 0 0 0
15 29.2322 6.66691 39.6864 0 0 0
19 16.487 10.3047 30.86 0 0 0
11 21.9278 12.8345 41.0866 0 0 0
12 10.5448 4.79716 37.9262 0 0 0
9 10.1907 0.555695 49.6478 0 0 0
10 16.9413 4.36546 52.2884 0 0 0
18 6.10945 2.05674 35.6524 0 0 0
17 13.0698 2.04095 44.9225 0 0 0
13 5.35416 9.33709 47.5664 0 0 0
23 26.9655 40.5538 18.1161 0 0 0
22 12.1634 41.7191 29.5169 0 0 0
27 5.90012 39.1836 10.3163 0 0 0
24 8.53599 49.4456 28.8312 0 0 0
28 17.5479 53.5492 11.8123 0 0 0
25 5.28995 46.6776 22.5037 0 0 0
26 9.62414 53.8869 18.896 0 0 0
21 20.628 46.877 10.5955 0 0 0
20 8.32775 43.8296 15.4822 0 0 0
33 23.5321 39.0207 48.0824 0 0 0
36 10.99 40.7807 39.145 0 0 0
32 29.8786 46.784 39.3091 0 0 0
14 19.5856 53.9247 39.6566 0 0 0
30 18.4003 47.9353 48.2223 0 0 0
35 5.31241 50.8717 51.9411 0 0 0
29 30.2151 48.7608 31.8643 0 0 0
31 6.79469 41.9749 30.3357 0 0 0
34 5.40093 45.0825 44.2498 0 0 0
