3 26.2267 24.3034 29.3072 0 0 0
5 5.44164 22.7921 22.6219 0 0 0
4 16.5598 1.86393 29.7789 0 0 0
6 9.56538 2.51075 19.31 0 0 0
8 31.063 10.1544 14.9501 0 0 0
0 7.6946 2.79582 11.7041 0 0 0
2 0.819921 19.1998 7.57305 0 0 0
1 11.0435 7.3373 25.0964 0 0 0
7 5.92565 1.5813 29.8753 0 0 0
11 6.36073 16.1147 39.9887 0 0 0
16 27.4551 24.6085 45.3029 0 0 0
19 13.7992 12.3969 30.1373 0 0 0
18 22.9895 4.93594 36.2125 0 0 0
10 23.9025 6.03569 53.084 0 0 0
9 25.4625 2.4733 48.2133 0 0 0
15 8.75234 9.42059 38.703 0 0 0
12 3.26155 6.27166 38.2524 0 0 0
13 12.0061 10.4373 47.0348 0 0 0
17 16.044 2.81424 46.5378 0 0 0
27 24.5043 40.8648 10.5365 0 0 0
21 28.6351 48.0177 9.39768 0 0 0
23 22.7794 42.5297 18.822 0 0 0
28 26.1116 55.0674 11.4462 0 0 0
26 29.0509 53.8547 19.3287 0 0 0
24 29.7278 50.5447 28.9314 0 0 0
20 14.3296 45.5817 16.8308 0 0 0
25 6.38177 48.9488 22.8872 0 0 0
33 29.2615 36.9008 47.6147 0 0 0
34 31.1871 46.3464 44.4504 0 0 0
31 32.1259 38.6839 30.5254 0 0 0
30 12.4957 48.6247 48.8744 0 0 0
32 27.5518 50.4628 39.2111 0 0 0
35 0.871851 53.2212 50.6622 0 0 0
14 6.86176 54.6227 40.8536 0 0 0
22 31.6596 42.6783 30.1591 0 0 0
36 12.3651 42.7544 38.5472 0 0 0
29 18.0392 50.3898 33.1717 0 0 0
