3 26.6228 22.8113 29.6368 0 0 0
5 6.33963 19.0564 22.3838 0 0 0
2 29.2704 14.2887 7.56665 0 0 0
8 28.7359 7.51771 14.5441 0 0 0
4 14.1131 0.478464 28.2469 0 0 0
7 6.41653 0.235508 28.6931 0 0 0
1 23.2333 5.83832 26.2099 0 0 0
0 24.6367 0.35196 11.7823 0 0 0
6 26.1828 0.428782 19.6523 0 0 0
11 28.3652 11.8046 40.7382 0 0 0
10 29.2779 3.75659 52.1332 0 0 0
13 20.0833 8.20971 47.882 0 0 0
18 12.7323 0.225513 35.738 0 0 0
19 7.19509 9.33799 31.1628 0 0 0
17 8.832 0.372593 46.2741 0 0 0
16 1.58553 18.0545 44.4849 0 0 0
12 12.6458 3.93306 38.8338 0 0 0
15 27.7338 5.54627 38.7929 0 0 0
27 29.1275 38.7753 10.8086 0 0 0
21 27.1137 45.7671 10.4919 0 0 0
25 30.4238 46.837 22.4105 0 0 0
23 21.719 41.4019 18.6448 0 0 0
26 10.5906 53.1645 18.8639 0 0 0
28 8.54817 52.8339 11.8855 0 0 0
22 8.46695 39.9256 29.1161 0 0 0
20 14.3201 44.639 15.1162 0 0 0
24 5.86929 48.027 28.4544 0 0 0
29 29.6001 48.8968 32.1327 0 0 0
34 20.0581 44.541 44.8974 0 0 0
14 21.3419 54.1303 40.4908 0 0 0
35 19.9264 51.0432 51.5439 0 0 0
31 12.6725 43.5447 30.2406 0 0 0
33 0.439541 34.3521 47.4739 0 0 0
30 1.71324 45.7865 48.0289 0 0 0
32 23.0615 46.926 38.5113 0 0 0
36 3.201 38.1469 38.384 0 0 0
9 0.025568 54.8856 48.6507 0 0 0
