3 26.3643 23.4815 29.4311 0 0 0
5 5.71356 21.2488 22.5496 0 0 0
2 10.1604 14.4202 7.72894 0 0 0
0 4.54508 2.22947 12.4301 0 0 0
6 21.7787 1.18407 19.6901 0 0 0
8 15.1432 7.83998 14.9504 0 0 0
1 18.1538 6.18392 26.3888 0 0 0
7 26.6312 0.582811 29.8918 0 0 0
4 2.42141 1.81097 28.704 0 0 0
16 28.0121 22.1485 44.9161 0 0 0
15 31.2081 7.95952 39.6518 0 0 0
17 15.4105 2.43057 44.9134 0 0 0
19 22.4119 10.6735 30.8656 0 0 0
11 5.7789 14.3116 40.5921 0 0 0
12 9.87429 4.56413 38.1799 0 0 0
10 26.841 4.44561 51.6696 0 0 0
13 15.5548 9.59027 47.6128 0 0 0
18 3.61144 2.41407 36.0482 0 0 0
9 16.7849 1.26896 49.7229 0 0 0
27 28.7723 39.4135 10.9358 0 0 0
28 22.0014 53.9393 11.5597 0 0 0
25 10.1017 46.7968 22.4071 0 0 0
24 9.12591 48.9374 28.8122 0 0 0
21 -0.124704 47.3228 10.5758 0 0 0
26 8.8512 53.8912 19.1688 0 0 0
20 21.355 44.8851 15.4387 0 0 0
23 9.53064 41.2694 17.5729 0 0 0
22 29.698 40.2911 29.4309 0 0 0
33 14.6483 40.9195 48.5429 0 0 0
31 23.0234 42.4958 30.3079 0 0 0
29 30.4664 49.4948 32.09 0 0 0
14 18.1252 54.0097 39.5182 0 0 0
36 0.32228 38.5372 38.3701 0 0 0
30 27.2917 47.6749 48.4229 0 0 0
34 13.8837 46.5011 43.7192 0 0 0
35 15.8813 51.5277 52.3087 0 0 0
32 1.04215 47.5606 39.6796 0 0 0
