2 32.0987 19.4767 7.54263 0 0 0
3 26.2131 24.6034 29.2846 0 0 0
1 28.4529 8.14683 25.4028 0 0 0
0 26.0722 2.91615 11.8965 0 0 0
6 25.6582 2.92514 19.5362 0 0 0
4 31.23 1.92233 29.9128 0 0 0
5 5.41537 23.0814 22.6334 0 0 0
7 20.5837 2.74813 29.7886 0 0 0
8 19.3862 10.1221 14.5242 0 0 0
11 4.31931 17.2273 40.1343 0 0 0
16 27.4504 25.437 45.4731 0 0 0
15 29.2892 10.7355 38.6874 0 0 0
19 4.22961 13.2757 30.0684 0 0 0
10 14.2413 5.82989 53.2465 0 0 0
9 11.698 2.57214 48.6697 0 0 0
12 21.499 7.56139 38.2231 0 0 0
18 6.58774 4.6255 35.9957 0 0 0
13 2.046 11.4339 46.5821 0 0 0
17 1.5208 3.25822 46.7991 0 0 0
27 18.2507 42.5283 10.3847 0 0 0
21 17.9252 49.1935 9.38676 0 0 0
23 12.5359 42.9508 18.5738 0 0 0
25 22.4136 50.1063 23.0043 0 0 0
28 12.1022 54.9271 11.1326 0 0 0
26 11.887 54.2642 19.1177 0 0 0
24 12.1583 51.0491 28.9622 0 0 0
20 3.28979 43.6403 17.3258 0 0 0
33 25.6861 38.6145 47.8876 0 0 0
35 20.1018 53.6897 50.4938 0 0 0
34 17.42 47.7401 44.4514 0 0 0
31 24.115 41.1492 30.7377 0 0 0
14 22.7974 55.5899 40.6879 0 0 0
30 0.243388 48.3525 48.567 0 0 0
22 20.3003 44.7873 30.3998 0 0 0
36 3.84854 40.941 38.4556 0 0 0
29 1.06348 50.0406 33.3504 0 0 0
32 11.0531 50.8989 39.3777 0 0 0
