3 26.2728 23.9645 29.3582 0 0 0
5 5.54973 22.264 22.5857 0 0 0
2 3.81393 17.3656 7.64045 0 0 0
1 25.3922 7.577 25.6606 0 0 0
6 27.1633 2.32764 19.1889 0 0 0
0 18.5402 2.69158 11.9664 0 0 0
8 3.53096 9.29177 14.9997 0 0 0
4 4.10166 2.24567 29.4503 0 0 0
11 18.7008 14.04 40.5787 0 0 0
16 27.5043 23.6501 45.0833 0 0 0
10 20.8151 5.11885 52.5561 0 0 0
13 9.59289 10.0612 47.215 0 0 0
7 27.6972 0.863373 30.3294 0 0 0
17 27.954 2.55012 45.827 0 0 0
15 13.756 8.68053 39.0061 0 0 0
18 7.4767 3.83151 36.3121 0 0 0
9 2.23868 2.35187 48.747 0 0 0
12 17.5461 3.86213 38.3287 0 0 0
19 10.3782 11.5667 30.0196 0 0 0
21 27.5247 47.1323 10.2841 0 0 0
23 13.6747 42.3289 18.3294 0 0 0
27 6.61845 40.4815 10.6357 0 0 0
20 14.6851 46.7447 15.188 0 0 0
25 22.6126 48.6623 22.532 0 0 0
24 16.2353 49.9316 28.6876 0 0 0
26 14.5385 54.5218 19.2278 0 0 0
28 3.83158 54.1456 12.2423 0 0 0
33 5.002 36.2476 47.796 0 0 0
31 23.7133 41.8433 30.8313 0 0 0
22 30.8769 41.4341 30.0193 0 0 0
14 24.6557 53.7077 40.8296 0 0 0
32 11.6496 49.3636 39.3429 0 0 0
35 6.91783 52.5791 51.3898 0 0 0
34 5.24193 45.8588 44.7597 0 0 0
29 4.72023 49.9511 32.6027 0 0 0
30 18.1146 48.216 48.8288 0 0 0
36 6.22674 39.7971 37.6838 0 0 0
