3 26.7195 22.6586 29.7579 0 0 0
5 6.57285 18.5183 22.4552 0 0 0
7 24.5514 0.444426 28.5695 0 0 0
8 9.55775 6.92894 14.127 0 0 0
6 10.791 0.210891 19.3579 0 0 0
1 7.80735 5.59078 26.2097 0 0 0
2 0.405737 14.0049 7.62764 0 0 0
13 31.5742 7.98722 48.0172 0 0 0
18 30.1219 0.155467 35.7744 0 0 0
12 29.1828 3.7883 39.0065 0 0 0
19 22.1437 9.21036 31.4204 0 0 0
15 11.7095 5.15184 38.8257 0 0 0
10 8.75937 3.41638 51.9162 0 0 0
11 6.71777 11.0419 40.5022 0 0 0
17 23.8793 0.181931 46.4654 0 0 0
16 3.45366 17.3247 44.5827 0 0 0
23 28.4538 38.933 19.094 0 0 0
28 22.5265 52.9386 11.8597 0 0 0
22 15.7334 42.1499 29.2265 0 0 0
26 27.1349 52.9657 18.9717 0 0 0
27 1.26736 37.8575 10.769 0 0 0
0 6.25011 55.6554 11.7817 0 0 0
25 11.564 47.3567 21.9068 0 0 0
4 31.79 56.0382 28.3254 0 0 0
21 3.79882 45.1523 10.7223 0 0 0
20 24.9531 43.5927 15.3721 0 0 0
24 21.2245 49.3183 28.3751 0 0 0
34 30.6233 43.1192 44.5594 0 0 0
35 31.1735 49.9471 51.5115 0 0 0
31 23.0463 42.6102 30.4066 0 0 0
29 12.5307 49.8025 32.0866 0 0 0
14 5.37018 53.4232 40.6605 0 0 0
36 8.05137 39.3365 38.2861 0 0 0
9 13.9653 55.1747 48.6003 0 0 0
32 3.73119 46.2629 38.4339 0 0 0
33 1.98836 34.0071 47.2838 0 0 0
30 12.957 46.5587 48.3487 0 0 0
