2 31.7012 19.587 7.54687 0 0 0
3 26.2116 24.7081 29.3131 0 0 0
1 21.0229 8.01615 25.4227 0 0 0
0 19.0846 3.02375 11.9483 0 0 0
7 11.6212 2.87472 29.6508 0 0 0
8 13.4904 10.2835 14.3531 0 0 0
6 17.4169 3.08026 19.5605 0 0 0
4 22.6879 2.17907 29.9045 0 0 0
5 5.38529 23.0533 22.7326 0 0 0
11 3.395 17.6685 40.1752 0 0 0
18 30.5168 4.78106 35.8608 0 0 0
17 26.4799 3.66295 46.813 0 0 0
16 27.4292 25.8262 45.6135 0 0 0
9 4.98337 2.71971 48.9693 0 0 0
12 14.059 7.53669 38.1562 0 0 0
15 23.5322 10.6909 38.7034 0 0 0
19 0.0709696 13.6645 30.2809 0 0 0
10 9.44022 5.8022 53.2909 0 0 0
13 29.4975 11.7679 46.3705 0 0 0
20 30.8117 43.404 17.5108 0 0 0
27 14.9068 42.5726 10.4649 0 0 0
21 12.4672 48.9594 9.47378 0 0 0
23 8.32661 41.924 18.4703 0 0 0
25 13.6542 50.2446 23.1514 0 0 0
28 5.62451 54.5534 11.063 0 0 0
26 3.82964 54.0133 18.952 0 0 0
24 3.81807 50.6104 28.9682 0 0 0
33 23.2896 39.773 48.0915 0 0 0
36 31.9147 40.7855 38.4561 0 0 0
30 26.1304 48.9943 48.5915 0 0 0
35 13.3202 53.6991 50.3442 0 0 0
31 18.7737 42.5149 30.7649 0 0 0
22 13.3096 44.753 30.4088 0 0 0
34 10.1811 47.5706 44.3452 0 0 0
32 3.17048 50.6455 39.3626 0 0 0
14 14.3055 55.6338 40.4945 0 0 0
29 24.8974 50.7023 33.4138 0 0 0
