3 26.369 23.4566 29.4691 0 0 0
5 5.75075 21.1202 22.5407 0 0 0
2 11.6125 14.1358 7.76055 0 0 0
0 11.6037 2.01569 12.3751 0 0 0
6 30.1741 1.10334 19.5953 0 0 0
8 21.7586 7.99414 14.8345 0 0 0
1 26.6405 6.23025 26.2674 0 0 0
7 3.46628 0.463562 29.666 0 0 0
4 11.2271 1.80883 28.6475 0 0 0
16 28.1769 21.8564 44.8614 0 0 0
17 23.0659 2.45894 44.7621 0 0 0
19 28.9249 11.0342 30.9605 0 0 0
13 21.1379 9.63408 47.5448 0 0 0
15 6.20684 7.2387 39.7297 0 0 0
10 0.417432 4.33182 51.7634 0 0 0
18 12.2052 2.2315 35.9513 0 0 0
9 23.4203 1.17958 49.7455 0 0 0
11 9.20411 13.5974 40.7947 0 0 0
12 18.1423 4.685 38.0238 0 0 0
27 31.1948 38.8501 10.949 0 0 0
28 28.8386 53.6687 11.6094 0 0 0
25 17.5442 47.0776 22.5005 0 0 0
24 17.5167 49.2559 28.912 0 0 0
26 17.2781 54.1808 19.0822 0 0 0
20 26.3847 43.9633 15.6643 0 0 0
23 13.3454 42.3569 17.46 0 0 0
22 1.49115 39.8641 29.386 0 0 0
21 4.60351 47.1084 10.6517 0 0 0
33 16.8853 41.1622 48.608 0 0 0
31 27.5559 41.4028 30.3371 0 0 0
14 26.6914 53.8394 39.4273 0 0 0
36 2.94568 38.4414 38.5704 0 0 0
34 20.5787 46.4988 43.5883 0 0 0
35 21.6422 51.3443 52.2962 0 0 0
32 8.06748 47.6393 39.5973 0 0 0
30 0.707911 47.1658 48.2736 0 0 0
29 6.31253 49.3416 31.9622 0 0 0
