3 26.5658 22.8901 29.5528 0 0 0
5 6.16536 19.4869 22.3884 0 0 0
2 26.1772 13.766 7.61758 0 0 0
8 15.7023 7.42499 14.565 0 0 0
1 6.2156 5.78484 26.2239 0 0 0
0 10.6938 0.555732 11.7839 0 0 0
6 9.05819 0.598862 19.4902 0 0 0
7 20.4878 0.42702 28.8317 0 0 0
4 28.2895 0.456884 28.2303 0 0 0
16 31.7756 18.6488 44.419 0 0 0
11 17.4505 11.3595 40.8628 0 0 0
12 28.19 3.97543 38.6012 0 0 0
17 25.958 0.773211 46.0636 0 0 0
15 11.417 5.80058 38.9945 0 0 0
19 25.482 9.74366 30.862 0 0 0
18 27.2286 0.153566 35.6383 0 0 0
10 17.7136 4.09286 52.4103 0 0 0
13 7.99064 8.31285 47.9166 0 0 0
27 23.9113 40.7008 10.6412 0 0 0
21 16.9334 46.8195 10.3536 0 0 0
25 15.7702 48.1564 22.6627 0 0 0
26 26.9208 52.9663 18.9958 0 0 0
20 4.50024 43.0665 15.2129 0 0 0
28 27.4214 52.7562 12.1105 0 0 0
23 13.3184 41.8555 18.5443 0 0 0
31 3.98639 42.1068 29.927 0 0 0
24 24.2103 47.7142 28.7289 0 0 0
22 3.17443 38.2764 29.0366 0 0 0
33 30.6797 34.7701 47.6777 0 0 0
36 30.6066 37.8765 38.5489 0 0 0
29 13.2643 49.811 32.0481 0 0 0
34 8.13661 44.3427 44.9572 0 0 0
35 7.82614 50.988 51.3989 0 0 0
30 22.35 46.594 47.9392 0 0 0
14 4.34884 53.9912 40.6318 0 0 0
32 7.98363 47.2775 38.805 0 0 0
9 18.1134 55.2908 48.9574 0 0 0
