2 31.3042 19.7912 7.52302 0 0 0
3 26.2091 24.7773 29.3481 0 0 0
1 13.3269 8.02432 25.4509 0 0 0
0 11.9758 3.14137 12.0573 0 0 0
6 9.12386 3.26497 19.5614 0 0 0
4 13.7814 2.1942 29.8672 0 0 0
5 5.33713 23.0874 22.8292 0 0 0
7 2.93519 2.93071 29.5362 0 0 0
8 7.91657 10.7009 14.331 0 0 0
19 27.9579 13.5423 30.4845 0 0 0
9 30.5515 2.83679 49.2143 0 0 0
11 2.538 18.1464 40.2534 0 0 0
18 22.256 4.81885 35.7622 0 0 0
17 19.2408 3.87563 46.7689 0 0 0
12 6.52638 7.63839 38.1358 0 0 0
15 17.4129 10.6024 38.6867 0 0 0
16 27.4043 26.1695 45.7954 0 0 0
10 4.68906 5.81171 53.2897 0 0 0
13 24.7525 11.6266 46.2614 0 0 0
20 26.2397 43.9569 17.5057 0 0 0
27 11.7841 42.0463 10.632 0 0 0
28 31.487 54.3679 11.0281 0 0 0
26 28.1989 54.0564 18.8208 0 0 0
24 27.9481 50.8319 28.9605 0 0 0
21 7.44588 48.3342 9.57484 0 0 0
23 4.59279 41.2655 18.4063 0 0 0
25 5.61622 49.6333 23.3447 0 0 0
33 20.4051 40.9524 48.3311 0 0 0
36 27.8251 41.307 38.4861 0 0 0
32 27.4721 50.9886 39.2954 0 0 0
30 19.4832 49.6425 48.5964 0 0 0
22 7.45709 43.3229 30.287 0 0 0
34 3.56985 47.4194 44.1651 0 0 0
35 6.71738 53.6429 50.2166 0 0 0
14 5.92296 55.4401 40.2129 0 0 0
29 16.2567 51.1357 33.4682 0 0 0
31 13.5291 42.3482 30.6811 0 0 0
