3 26.2177 24.4233 29.2761 0 0 0
5 5.41603 22.9939 22.588 0 0 0
7 29.3438 2.26695 29.874 0 0 0
4 7.71347 1.65299 29.8433 0 0 0
2 0.462971 19.3688 7.54985 0 0 0
1 3.56169 7.83406 25.2563 0 0 0
6 1.54926 2.68389 19.4608 0 0 0
8 25.3531 10.1657 14.7648 0 0 0
0 0.884877 2.82516 11.8288 0 0 0
11 5.29266 16.7459 40.0927 0 0 0
16 27.4515 24.9908 45.3859 0 0 0
19 8.84601 12.6608 30.0111 0 0 0
12 28.4367 7.23804 38.241 0 0 0
18 14.8437 4.68883 36.1498 0 0 0
13 6.8528 10.7946 46.8351 0 0 0
17 8.68548 2.8615 46.7069 0 0 0
10 19.0966 5.91685 53.1513 0 0 0
9 18.6138 2.50543 48.384 0 0 0
15 2.82577 10.1872 38.676 0 0 0
27 21.5411 41.8337 10.4121 0 0 0
21 23.4866 48.743 9.37089 0 0 0
23 17.5559 43.3902 18.7179 0 0 0
25 30.6291 49.2628 22.9448 0 0 0
28 19.1064 55.1581 11.2498 0 0 0
26 20.5794 54.2746 19.2864 0 0 0
24 21.1828 51.1406 29.0109 0 0 0
20 8.34526 44.6043 17.0366 0 0 0
33 27.6525 37.6502 47.7413 0 0 0
35 26.6566 53.4768 50.579 0 0 0
34 24.6802 47.1152 44.4092 0 0 0
31 28.5372 39.5931 30.5822 0 0 0
22 26.5977 43.5397 30.2641 0 0 0
36 7.84012 41.6576 38.5395 0 0 0
29 9.2865 50.0902 33.2689 0 0 0
32 19.4634 50.9999 39.3053 0 0 0
14 30.9291 55.1065 40.7488 0 0 0
30 6.22619 48.2539 48.6811 0 0 0
