3 26.3442 23.5519 29.4113 0 0 0
5 5.67195 21.4278 22.5815 0 0 0
2 8.91269 14.7964 7.71344 0 0 0
0 29.6948 2.56804 12.4463 0 0 0
4 25.658 1.92706 28.6863 0 0 0
6 13.0574 1.18815 19.7353 0 0 0
8 8.55586 8.12284 14.9433 0 0 0
1 9.53891 6.34012 26.4612 0 0 0
16 27.8717 22.5295 44.966 0 0 0
15 24.0617 8.12873 39.5907 0 0 0
17 7.74594 2.26203 45.058 0 0 0
19 15.4413 10.4843 30.7459 0 0 0
7 17.429 0.610454 30.0247 0 0 0
18 27.096 2.65266 36.0975 0 0 0
11 2.79271 14.9065 40.4761 0 0 0
12 1.76908 4.65657 38.3632 0 0 0
10 21.1616 4.56733 51.716 0 0 0
13 9.98235 9.568 47.6299 0 0 0
9 10.0589 1.19342 49.6031 0 0 0
27 26.2096 40.3154 10.8414 0 0 0
28 14.8278 53.9731 11.6388 0 0 0
25 3.26442 46.4018 22.2759 0 0 0
21 26.9217 47.9043 10.3685 0 0 0
26 0.910962 53.8024 19.2075 0 0 0
20 15.7566 45.3608 15.3141 0 0 0
23 6.01434 40.3782 17.8154 0 0 0
22 25.4137 41.3806 29.5004 0 0 0
24 1.36191 48.8118 28.7081 0 0 0
33 12.6973 40.3173 48.4217 0 0 0
36 29.4152 39.1184 38.1907 0 0 0
31 17.2723 43.3257 30.2598 0 0 0
29 22.1855 50.0977 32.1181 0 0 0
30 21.4786 48.4326 48.6124 0 0 0
34 8.06273 45.5012 43.9823 0 0 0
32 25.8026 48.1207 39.6583 0 0 0
35 10.1285 51.3403 52.2051 0 0 0
14 9.42933 53.7447 39.6694 0 0 0
