0 24.5445 4.67562 12.3517 0 0 0
1 25.392 9.25624 25.4279 0 0 0
2 29.502 20.817 7.14171 0 0 0
3 26.3767 25.5498 29.2534 0 0 0
4 15.0677 4.31136 29.5255 0 0 0
5 5.09997 24.1658 22.8163 0 0 0
6 16.2842 6.26734 19.2624 0 0 0
7 3.92041 4.21908 29.1777 0 0 0
8 1.8496 11.7994 14.2767 0 0 0
9 16.2117 3.65156 49.2281 0 0 0
10 5.74314 5.52294 54.4399 0 0 0
11 30.3174 19.8009 40.5747 0 0 0
12 18.2784 8.21991 38.4506 0 0 0
15 6.74869 10.9381 38.8985 0 0 0
16 27.3944 27.8941 46.5491 0 0 0
18 28.2754 5.69174 36.4815 0 0 0
19 0.642928 15.8333 30.2158 0 0 0
17 0.74586 3.95851 46.2719 0 0 0
13 24.6631 12.2312 46.4133 0 0 0
14 10.0348 0.268389 39.9761 0 0 0
20 16.3442 46.1585 17.2261 0 0 0
21 1.86416 47.61 9.33259 0 0 0
23 2.92847 41.2969 18.3385 0 0 0
28 12.5171 55.1739 11.2305 0 0 0
25 9.55619 52.1528 23.063 0 0 0
26 31.0905 54.081 18.5131 0 0 0
27 23.6264 41.9953 10.7998 0 0 0
22 1.22717 41.6431 29.5109 0 0 0
24 29.8378 51.3404 28.5088 0 0 0
29 18.6073 51.7123 32.8921 0 0 0
30 5.74341 48.6042 48.5873 0 0 0
31 12.0727 43.0807 30.4572 0 0 0
33 2.84075 37.3992 47.3898 0 0 0
34 17.2701 48.948 44.1343 0 0 0
35 25.069 54.3838 50.6607 0 0 0
36 24.3111 42.794 39.5605 0 0 0
32 0.968978 50.2226 39.0155 0 0 0
