3 26.2902 23.8819 29.3747 0 0 0
5 5.57367 22.1382 22.6056 0 0 0
2 4.38311 17.0376 7.68198 0 0 0
0 25.8678 2.80568 12.0916 0 0 0
8 9.7818 8.99852 14.9417 0 0 0
4 12.8232 1.93647 29.2656 0 0 0
6 3.22647 2.18271 19.3442 0 0 0
1 1.14244 7.56936 25.9886 0 0 0
11 21.2843 14.1978 40.6755 0 0 0
16 27.5704 23.4754 45.0885 0 0 0
10 26.0227 5.04137 52.3421 0 0 0
13 14.9606 9.72062 47.2568 0 0 0
19 16.2045 11.2126 30.0147 0 0 0
7 4.41256 0.691054 30.3398 0 0 0
15 20.4777 8.13559 39.0376 0 0 0
18 15.9194 3.15361 36.2443 0 0 0
17 3.05684 2.61351 45.6866 0 0 0
9 8.87285 2.29774 48.8487 0 0 0
12 25.6507 3.75697 38.3432 0 0 0
23 18.3002 42.6389 18.2609 0 0 0
27 9.27684 41.3326 10.6354 0 0 0
20 21.1252 46.6801 15.0794 0 0 0
25 30.3192 47.9463 22.3289 0 0 0
26 23.3414 54.5834 19.2412 0 0 0
22 2.95319 41.0368 29.8402 0 0 0
28 11.0059 54.3293 12.1429 0 0 0
21 0.484073 46.998 10.3258 0 0 0
24 24.9696 49.5484 28.6909 0 0 0
33 5.94776 36.6908 47.9204 0 0 0
31 27.9435 40.5994 30.718 0 0 0
34 11.3645 46.4578 44.7896 0 0 0
36 9.28567 40.6646 37.6873 0 0 0
35 13.1653 52.5771 51.6001 0 0 0
29 13.1012 49.8912 32.4284 0 0 0
30 24.4194 47.6743 48.7807 0 0 0
14 0.700224 53.5169 40.6861 0 0 0
32 19.8443 48.9384 39.3728 0 0 0
