2 30.58 20.205 7.45787 0 0 0
3 26.2198 24.9448 29.3126 0 0 0
8 24.3786 10.9657 14.4314 0 0 0
0 22.7544 3.55527 12.2303 0 0 0
6 17.3381 4.45566 19.1465 0 0 0
7 8.86016 3.69149 29.3555 0 0 0
4 19.966 2.48782 29.7235 0 0 0
5 5.25894 23.4334 22.8595 0 0 0
1 23.4733 8.18747 25.4794 0 0 0
10 23.0649 5.69244 53.8465 0 0 0
15 31.7669 11.1886 38.7279 0 0 0
12 16.752 7.68629 38.2964 0 0 0
19 14.5526 13.2701 30.7085 0 0 0
9 11.1897 3.28818 49.6132 0 0 0
16 27.3157 27.1463 46.0168 0 0 0
18 29.9161 5.45918 35.9933 0 0 0
11 0.579086 19.2209 40.2704 0 0 0
17 30.5088 4.10337 46.2365 0 0 0
13 9.61658 12.0102 46.4298 0 0 0
21 24.7393 48.2392 9.3013 0 0 0
23 24.1622 42.8735 18.1986 0 0 0
25 13.4024 50.6151 23.36 0 0 0
20 8.7513 44.4196 17.5549 0 0 0
27 3.46391 39.8494 11.0063 0 0 0
28 10.8369 54.5985 11.2682 0 0 0
26 3.26365 54.1373 18.7002 0 0 0
24 2.48638 51.3532 29.0118 0 0 0
33 11.2477 40.4878 48.2575 0 0 0
35 19.7897 54.4561 50.2502 0 0 0
36 11.7739 43.1283 38.652 0 0 0
32 3.21327 50.6263 39.3662 0 0 0
31 1.01331 40.4239 30.3971 0 0 0
34 14.7764 49.3202 44.1672 0 0 0
14 13.158 55.9153 39.9482 0 0 0
30 0.787357 48.4959 48.5157 0 0 0
22 25.0721 43.0423 30.0256 0 0 0
29 23.3961 51.1863 33.4447 0 0 0
