3 26.866 22.4669 29.8882 0 0 0
5 7.10515 17.6209 22.4292 0 0 0
8 29.5311 6.91282 14.0569 0 0 0
2 6.75863 12.6048 7.56712 0 0 0
6 4.25589 0.533036 19.2202 0 0 0
1 1.16384 5.76243 26.2271 0 0 0
10 26.8778 3.05325 51.5945 0 0 0
16 7.23658 15.4854 44.6963 0 0 0
13 17.8695 7.54141 48.0604 0 0 0
18 24.2304 0.267349 35.613 0 0 0
15 3.93598 5.29085 38.9363 0 0 0
12 21.8886 3.46739 38.7475 0 0 0
17 14.0241 0.100558 46.2231 0 0 0
11 24.8978 11.0249 40.3852 0 0 0
19 11.9147 8.52204 31.3908 0 0 0
22 27.2487 39.6185 29.5788 0 0 0
4 26.6105 55.6708 28.2904 0 0 0
0 27.6696 55.3263 11.9949 0 0 0
7 19.575 55.6208 28.2196 0 0 0
27 6.06974 38.07 10.0093 0 0 0
24 11.7168 47.9372 28.0999 0 0 0
20 5.60928 43.5549 15.4627 0 0 0
25 1.23333 47.0134 22.288 0 0 0
23 3.96341 38.3084 19.1006 0 0 0
28 11.3089 52.6833 12.0138 0 0 0
21 18.1819 45.7003 10.7439 0 0 0
26 19.521 52.0074 19.0677 0 0 0
33 4.14203 34.2927 47.1273 0 0 0
32 24.789 46.8051 38.7028 0 0 0
30 30.084 45.3294 48.3877 0 0 0
14 30.1978 53.2508 40.8973 0 0 0
34 13.5636 45.0921 44.7456 0 0 0
9 2.84661 54.8798 48.7727 0 0 0
35 15.0935 50.1413 51.9 0 0 0
31 2.90667 40.1857 30.5602 0 0 0
29 4.74264 49.1624 32.4759 0 0 0
36 17.8605 41.6543 38.1622 0 0 0
