3 26.6667 22.7319 29.6888 0 0 0
5 6.45223 18.7999 22.4254 0 0 0
2 30.7338 14.278 7.58883 0 0 0
4 23.107 0.349038 28.2861 0 0 0
7 15.4498 0.47684 28.6647 0 0 0
1 31.481 5.78111 26.2272 0 0 0
8 3.00747 7.2673 14.3869 0 0 0
6 2.39115 0.159833 19.5858 0 0 0
13 25.9318 8.22388 47.8936 0 0 0
18 21.6171 0.244287 35.7626 0 0 0
12 21.0998 3.88798 38.9552 0 0 0
19 14.667 9.11259 31.3192 0 0 0
15 3.60098 5.31172 38.7531 0 0 0
10 2.96441 3.56696 51.9934 0 0 0
11 1.36073 11.6669 40.6177 0 0 0
17 16.4295 0.320101 46.406 0 0 0
16 2.56309 17.787 44.5364 0 0 0
27 31.2915 38.2073 10.7831 0 0 0
21 31.5392 45.2866 10.6414 0 0 0
23 25.3924 40.0586 18.8437 0 0 0
28 15.439 53.0958 11.8192 0 0 0
24 13.1033 49.1866 28.3759 0 0 0
0 31.4035 55.9747 11.8458 0 0 0
26 18.8584 53.3781 18.8938 0 0 0
25 4.82424 46.7167 22.1515 0 0 0
22 11.7294 41.3025 29.1497 0 0 0
20 19.9178 44.4671 15.1695 0 0 0
34 25.7007 43.6009 44.7231 0 0 0
14 29.5297 53.6192 40.5137 0 0 0
35 25.7894 50.4807 51.508 0 0 0
31 17.9175 43.7295 30.3396 0 0 0
33 1.26959 34.1609 47.3968 0 0 0
30 7.17229 46.0777 48.2009 0 0 0
32 29.687 46.1337 38.4321 0 0 0
36 5.57385 38.6208 38.3343 0 0 0
9 6.91873 54.9613 48.5738 0 0 0
29 4.83709 49.031 32.0504 0 0 0
