0 0.1036 3.60616 -123.582
0.0157862 0.103837 3.59158 -122.621
0.0315685 0.104545 3.5483 -119.794
0.047343 0.105723 3.47771 -115.264
0.0631056 0.107364 3.38198 -109.284
0.0788525 0.109462 3.26395 -102.172
0.0945798 0.112008 3.12693 -94.2756
0.110283 0.114989 2.97451 -85.9495
0.12596 0.118395 2.81033 -77.5245
0.141605 0.122208 2.63794 -69.2898
0.157214 0.126414 2.46068 -61.481
0.172784 0.130993 2.28152 -54.2756
0.188312 0.135925 2.10304 -47.794
0.203792 0.14119 1.9274 -42.1062
0.219222 0.146765 1.75634 -37.2398
0.234597 0.152625 1.59118 -33.1901
0.249913 0.158745 1.43291 -29.9293
0.265167 0.1651 1.2822 -27.4153
0.280355 0.171661 1.13947 -25.5989
0.295473 0.178401 1.00494 -24.4291
0.310518 0.185292 0.87868 -23.8577
0.325485 0.192303 0.76066 -23.8416
0.340371 0.199406 0.650798 -24.3452
0.355173 0.20657 0.548993 -25.3406
0.369885 0.213766 0.455159 -26.8078
0.384506 0.220964 0.369259 -28.7345
0.399031 0.228134 0.291332 -31.1148
0.413456 0.235245 0.22152 -33.9475
0.427778 0.24227 0.160094 -37.2342
0.441994 0.24918 0.107479 -40.9759
0.456099 0.255946 0.0642735 -45.1694
0.470091 0.262541 0.0312783 -49.8027
0.483966 0.26894 0.0095124 -54.8477
0.49772 0.275116 0.000232317 -60.2536
0.51135 0.281046 0.00494232 -65.936
0.524852 0.286706 0.0253962 -71.7669
0.538224 0.292075 0.0635844 -77.5613
0.551462 0.297131 0.121702 -83.065
0.564562 0.301857 0.202088 -87.9422
0.577521 0.306235 0.307134 -91.7677
0.590337 0.310248 0.439149 -94.0254
0.603005 0.313881 0.60018 -94.1177
0.615523 0.317123 0.791786 -91.392
0.627888 0.319962 1.01477 -85.1863
0.640096 0.322389 1.2689 -74.8987
0.652145 0.324394 1.55258 -60.0779
0.664031 0.325973 1.86264 -40.5289
0.675752 0.32712 2.19416 -16.419
0.687304 0.327833 2.5404 11.637
0.698685 0.32811 2.89299 42.5359
0.709892 0.327951 3.24226 74.7144
0.720922 0.327358 3.5778 106.258
0.731772 0.326334 3.88918 135.087
0.74244 0.324885 4.16671 159.196
0.752923 0.323015 4.40223 176.907
0.763218 0.320732 4.58975 187.081
0.773323 0.318044 4.72585 189.255
0.783236 0.314962 4.80982 183.665
0.792953 0.311495 4.84352 171.168
0.802472 0.307656 4.83101 153.084
0.811792 0.303457 4.77803 130.988
0.820909 0.29891 4.69138 106.511
0.829821 0.294031 4.57833 81.1592
0.838527 0.288833 4.44612 56.2029
0.847024 0.283332 4.30154 32.608
0.85531 0.277542 4.1507 11.0275
0.863382 0.27148 3.99884 -8.17301
0.87124 0.265161 3.85028 -24.8659
0.87888 0.258602 3.70849 -39.1034
0.886301 0.251817 3.57613 -51.0594
0.893501 0.244823 3.45519 -60.979
0.900479 0.237636 3.34708 -69.1369
0.907232 0.230271 3.25275 -75.8065
0.913759 0.222742 3.17284 -81.2377
0.920059 0.215065 3.10769 -85.6428
0.926129 0.207254 3.0575 -89.1873
0.931968 0.199322 3.02232 -91.985
0.937575 0.191282 3.00212 -94.096
0.942948 0.183147 2.99685 -95.5264
0.948087 0.174928 3.00639 -96.2293
0.952989 0.166637 3.03058 -96.1071
0.957653 0.158283 3.0692 -95.0156
0.962079 0.149875 3.12198 -92.7707
0.966265 0.141424 3.18851 -89.1574
0.970211 0.132935 3.26824 -83.9432
0.973914 0.124417 3.36041 -76.8956
0.977375 0.115875 3.46403 -67.8054
0.980592 0.107316 3.57777 -56.5136
0.983565 0.0987434 3.69998 -42.9429
0.986293 0.0901617 3.82861 -27.1302
0.988775 0.0815742 3.96122 -9.25709
0.99101 0.0729836 4.09497 10.3258
0.992999 0.0643919 4.22668 31.0869
0.99474 0.0558006 4.35289 52.3181
0.996233 0.0472108 4.47001 73.1599
0.997478 0.0386229 4.57445 92.6499
0.998474 0.0300372 4.6628 109.791
0.999221 0.0214535 4.73202 123.633
0.99972 0.0128714 4.77964 133.362
0.999969 0.00429034 4.8039 138.385
0.999969 -0.00429034 4.8039 138.385
0.99972 -0.0128714 4.77964 133.362
0.999221 -0.0214535 4.73202 123.633
0.998474 -0.0300372 4.6628 109.791
0.997478 -0.0386229 4.57445 92.6499
0.996233 -0.0472108 4.47001 73.1599
0.99474 -0.0558006 4.35289 52.3181
0.992999 -0.0643919 4.22668 31.0869
0.99101 -0.0729836 4.09497 10.3258
0.988775 -0.0815742 3.96122 -9.25709
0.986293 -0.0901617 3.82861 -27.1302
0.983565 -0.0987434 3.69998 -42.9429
0.980592 -0.107316 3.57777 -56.5136
0.977375 -0.115875 3.46403 -67.8054
0.973914 -0.124417 3.36041 -76.8956
0.970211 -0.132935 3.26824 -83.9432
0.966265 -0.141424 3.18851 -89.1574
0.962079 -0.149875 3.12198 -92.7707
0.957653 -0.158283 3.0692 -95.0156
0.952989 -0.166637 3.03058 -96.1071
0.948087 -0.174928 3.00639 -96.2293
0.942948 -0.183147 2.99685 -95.5264
0.937575 -0.191282 3.00212 -94.096
0.931968 -0.199322 3.02232 -91.985
0.926129 -0.207254 3.0575 -89.1873
0.920059 -0.215065 3.10769 -85.6428
0.913759 -0.222742 3.17284 -81.2377
0.907232 -0.230271 3.25275 -75.8065
0.900479 -0.237636 3.34708 -69.1369
0.893501 -0.244823 3.45519 -60.979
0.886301 -0.251817 3.57613 -51.0594
0.87888 -0.258602 3.70849 -39.1034
0.87124 -0.265161 3.85028 -24.8659
0.863382 -0.27148 3.99884 -8.17301
0.85531 -0.277542 4.1507 11.0275
0.847024 -0.283332 4.30154 32.608
0.838527 -0.288833 4.44612 56.2029
0.829821 -0.294031 4.57833 81.1592
0.820909 -0.29891 4.69138 106.511
0.811792 -0.303457 4.77803 130.988
0.802472 -0.307656 4.83101 153.084
0.792953 -0.311495 4.84352 171.168
0.783236 -0.314962 4.80982 183.665
0.773323 -0.318044 4.72585 189.255
0.763218 -0.320732 4.58975 187.081
0.752923 -0.323015 4.40223 176.907
0.74244 -0.324885 4.16671 159.196
0.731772 -0.326334 3.88918 135.087
0.720922 -0.327358 3.5778 106.258
0.709892 -0.327951 3.24226 74.7144
0.698685 -0.32811 2.89299 42.5359
0.687304 -0.327833 2.5404 11.637
0.675752 -0.32712 2.19416 -16.419
0.664031 -0.325973 1.86264 -40.5289
0.652145 -0.324394 1.55258 -60.0779
0.640096 -0.322389 1.2689 -74.8987
0.627888 -0.319962 1.01477 -85.1863
0.615523 -0.317123 0.791786 -91.392
0.603005 -0.313881 0.60018 -94.1177
0.590337 -0.310248 0.439149 -94.0254
0.577521 -0.306235 0.307134 -91.7677
0.564562 -0.301857 0.202088 -87.9422
0.551462 -0.297131 0.121702 -83.065
0.538224 -0.292075 0.0635844 -77.5613
0.524852 -0.286706 0.0253962 -71.7669
0.51135 -0.281046 0.00494232 -65.936
0.49772 -0.275116 0.000232317 -60.2536
0.483966 -0.26894 0.0095124 -54.8477
0.470091 -0.262541 0.0312783 -49.8027
0.456099 -0.255946 0.0642735 -45.1694
0.441994 -0.24918 0.107479 -40.9759
0.427778 -0.24227 0.160094 -37.2342
0.413456 -0.235245 0.22152 -33.9475
0.399031 -0.228134 0.291332 -31.1148
0.384506 -0.220964 0.369259 -28.7345
0.369885 -0.213766 0.455159 -26.8078
0.355173 -0.20657 0.548993 -25.3406
0.340371 -0.199406 0.650798 -24.3452
0.325485 -0.192303 0.76066 -23.8416
0.310518 -0.185292 0.87868 -23.8577
0.295473 -0.178401 1.00494 -24.4291
0.280355 -0.171661 1.13947 -25.5989
0.265167 -0.1651 1.2822 -27.4153
0.249913 -0.158745 1.43291 -29.9293
0.234597 -0.152625 1.59118 -33.1901
0.219222 -0.146765 1.75634 -37.2398
0.203792 -0.14119 1.9274 -42.1062
0.188312 -0.135925 2.10304 -47.794
0.172784 -0.130993 2.28152 -54.2756
0.157214 -0.126414 2.46068 -61.481
0.141605 -0.122208 2.63794 -69.2898
0.12596 -0.118395 2.81033 -77.5245
0.110283 -0.114989 2.97451 -85.9495
0.0945798 -0.112008 3.12693 -94.2756
0.0788525 -0.109462 3.26395 -102.172
0.0631056 -0.107364 3.38198 -109.284
0.047343 -0.105723 3.47771 -115.264
0.0315685 -0.104545 3.5483 -119.794
0.0157862 -0.103837 3.59158 -122.621
1.22465e-16 -0.1036 3.60616 -123.582
