# TSTEP	KBT	PX	PY	PZ
0.000000e+00	0.0000000000e+00	0.0000000000e+00	0.0000000000e+00	0.0000000000e+00	0.0000000000e+00
2.000000e+00	4.6592789449e-02	-3.6709797645e+03	3.8478378452e+03	5.9214802803e+02	2.3658690453e+00
4.000000e+00	5.0157736265e-02	-4.1174431906e+03	5.4859120119e+03	1.0303123118e+03	3.1392767429e+00
6.000000e+00	5.2913063175e-02	9.5008262997e+02	7.4933327527e+03	9.1038394848e+02	3.9580614567e+00
8.000000e+00	5.4537502584e-02	3.5528843589e+03	1.1179794376e+04	7.6764226316e+02	3.8705077171e+00
1.000000e+01	5.5561429403e-02	4.0233737816e+03	1.3939016113e+04	4.2500028017e+02	3.3496167660e+00
1.200000e+01	5.6583650810e-02	5.5002647157e+03	1.7369088311e+04	-3.8770546277e+01	3.6053714752e+00
1.400000e+01	5.7118830444e-02	6.0826908698e+03	2.2377962092e+04	-3.7713516981e+02	3.8436856270e+00
1.600000e+01	5.7420216882e-02	8.4764226642e+03	1.9872708466e+04	-6.9439869396e+02	3.3133528233e+00
1.800000e+01	5.7478802403e-02	9.6759953072e+03	2.1270917555e+04	-7.2734799304e+02	4.0924868584e+00
2.000000e+01	5.7327050330e-02	1.1626033799e+04	2.5141773052e+04	-1.3898285511e+03	3.7259132862e+00
2.200000e+01	5.6954063960e-02	1.1734688327e+04	1.9836117202e+04	-1.8287328154e+03	3.4999377728e+00
2.400000e+01	5.6570795183e-02	1.0329774366e+04	8.6769203239e+03	-2.4054805627e+03	4.5496025085e+00
2.600000e+01	5.6270362568e-02	9.6046539612e+03	-2.4350828199e+02	-2.7232329842e+03	3.8174800873e+00
2.800000e+01	5.5983590569e-02	9.6126043026e+03	-9.5388709702e+02	-3.1886886766e+03	3.8696191311e+00
3.000000e+01	5.5783488459e-02	9.0842156806e+03	2.7214459789e+02	-3.1324405689e+03	4.0866470337e+00
3.200000e+01	5.5696161599e-02	9.0348584069e+03	4.1914716132e+03	-3.0350095469e+03	4.2431530952e+00
3.400000e+01	5.5655129126e-02	8.4032203990e+03	7.5958819313e+03	-2.5985792162e+03	4.4614968300e+00
3.600000e+01	5.5658966109e-02	8.7112941459e+03	1.0193930579e+04	-2.1003197967e+03	4.1804027557e+00
3.800000e+01	5.5855749869e-02	8.4860412438e+03	5.4600537706e+03	-1.2841387772e+03	3.9109079838e+00
4.000000e+01	5.6080433155e-02	9.7480036908e+03	-7.1166603613e+02	-4.1885315927e+02	4.5378751755e+00
4.200000e+01	5.6376201050e-02	9.8174018700e+03	-7.6984636249e+03	3.2933839447e+02	4.5378751755e+00
4.400000e+01	5.6659313592e-02	1.0236284933e+04	-1.5367756469e+04	7.0860064898e+02	4.5378751755e+00
4.600000e+01	5.6854105350e-02	1.0614187123e+04	-2.5211856479e+04	1.4112038917e+03	4.5378751755e+00
4.800000e+01	5.7122226432e-02	1.2355618252e+04	-3.5410158729e+04	2.0560370167e+03	4.5378751755e+00
5.000000e+01	5.7244862440e-02	1.1895205635e+04	-4.3794814671e+04	2.9778505472e+03	4.6567821503e+00
5.200000e+01	5.7423509536e-02	1.2275888325e+04	-4.7098534021e+04	3.4230903252e+03	4.5378751755e+00
5.400000e+01	5.7458094536e-02	1.0889685495e+04	-4.7101438911e+04	3.9562714141e+03	4.8568100929e+00
5.600000e+01	5.7619059210e-02	1.3886530578e+04	-4.7479012435e+04	4.4253977234e+03	4.6272530556e+00
5.800000e+01	5.7625670204e-02	1.5183894921e+04	-4.6982472090e+04	4.8669513870e+03	4.5378751755e+00
6.000000e+01	5.7721912146e-02	1.5471935252e+04	-4.8550049366e+04	5.2274706643e+03	4.5378751755e+00
6.200000e+01	5.7762845156e-02	1.6558290658e+04	-5.3724173217e+04	5.6497884677e+03	4.5378751755e+00
6.400000e+01	5.7869470561e-02	1.6793219890e+04	-5.8048576619e+04	5.9675288303e+03	4.5378751755e+00
6.600000e+01	5.7932079532e-02	1.7489934941e+04	-6.3295789929e+04	6.2538346160e+03	4.6899995804e+00
6.800000e+01	5.7944326722e-02	1.7035457510e+04	-6.8208800624e+04	6.5026489434e+03	4.6899995804e+00
7.000000e+01	5.7970096626e-02	1.7568984566e+04	-7.1117901722e+04	6.7629977805e+03	4.6899995804e+00
7.200000e+01	5.7994227674e-02	1.6437508989e+04	-7.5011070274e+04	7.1120785764e+03	4.4384889603e+00
7.400000e+01	5.7935015175e-02	1.5157620366e+04	-7.8608680453e+04	7.4491638692e+03	4.4384889603e+00
7.600000e+01	5.7825885005e-02	1.4415392166e+04	-8.3217715303e+04	7.5998808754e+03	4.4384889603e+00
7.800000e+01	5.7719616144e-02	1.5645986475e+04	-8.6509710325e+04	7.6832954969e+03	4.4384889603e+00
8.000000e+01	5.7613333982e-02	1.7156548366e+04	-9.0502231908e+04	7.8259467931e+03	4.4384889603e+00
8.200000e+01	5.7519276274e-02	1.6262375347e+04	-9.3664806787e+04	7.7698173541e+03	3.9986627102e+00
8.400000e+01	5.7397860076e-02	1.6052664053e+04	-9.6156534919e+04	7.6382293930e+03	4.2155499458e+00
8.600000e+01	5.7351189513e-02	1.4089116763e+04	-9.7750753712e+04	7.6459199417e+03	3.9986627102e+00
8.800000e+01	5.7254271546e-02	1.3884411756e+04	-1.0142586515e+05	7.6654097416e+03	3.9986627102e+00
9.000000e+01	5.7151766445e-02	1.5984277846e+04	-1.0506279095e+05	7.6897297874e+03	4.0963749886e+00
9.200000e+01	5.7013177724e-02	1.5093563330e+04	-1.0689713410e+05	7.6188336122e+03	4.1658949852e+00
9.400000e+01	5.6921798107e-02	1.3373799739e+04	-1.1007379801e+05	7.5598398375e+03	4.0263676643e+00
9.600000e+01	5.6875358986e-02	1.3372231615e+04	-1.1054053247e+05	7.4111493549e+03	4.6305813789e+00
9.800000e+01	5.6772390483e-02	1.2946009813e+04	-1.1131536579e+05	7.0979368067e+03	4.0616860390e+00
1.000000e+02	5.6704839635e-02	1.1688135652e+04	-1.1239647273e+05	6.9619386194e+03	4.2127470970e+00
1.020000e+02	5.6589077471e-02	1.2208485736e+04	-1.1391282343e+05	6.8043520982e+03	4.1482429504e+00
1.040000e+02	5.6526711268e-02	1.1962095986e+04	-1.1510426628e+05	6.7551915728e+03	4.0616860390e+00
1.060000e+02	5.6454562119e-02	1.1281618913e+04	-1.1613866642e+05	6.4674403989e+03	4.0616860390e+00
1.080000e+02	5.6363860776e-02	1.1099841063e+04	-1.1752264835e+05	6.4350497585e+03	4.0616860390e+00
1.100000e+02	5.6304720287e-02	1.0209465810e+04	-1.2041401752e+05	5.9473247416e+03	4.1773915291e+00
