0 0.250005 0.0640176 33.5715
0.0157862 0.249974 0.0634897 33.524
0.0315685 0.249879 0.0619217 33.3819
0.047343 0.249724 0.0593608 33.1462
0.0631056 0.249509 0.055884 32.8186
0.0788525 0.249239 0.0515972 32.4011
0.0945798 0.248915 0.0466318 31.8962
0.110283 0.248543 0.0411427 31.306
0.12596 0.248128 0.0353044 30.6326
0.141605 0.247676 0.0293071 29.8774
0.157214 0.247193 0.0233529 29.041
0.172784 0.246686 0.017651 28.1231
0.188312 0.246163 0.0124134 27.1216
0.203792 0.245631 0.00785002 26.0335
0.219222 0.245099 0.00416402 24.8539
0.234597 0.244576 0.00154662 23.5762
0.249913 0.24407 0.00017234 22.1925
0.265167 0.24359 0.000193939 20.6933
0.280355 0.243145 0.00173749 19.068
0.295473 0.242744 0.00489751 17.3048
0.310518 0.242396 0.00973218 15.3917
0.325485 0.24211 0.016259 13.3165
0.340371 0.241893 0.0244505 11.0672
0.355173 0.241754 0.0342312 8.63322
0.369885 0.2417 0.0454746 6.00506
0.384506 0.241739 0.0580018 3.17541
0.399031 0.241875 0.0715812 0.139238
0.413456 0.242116 0.0859296 -3.1059
0.427778 0.242466 0.100716 -6.55991
0.441994 0.242928 0.115565 -10.2204
0.456099 0.243506 0.130066 -14.0834
0.470091 0.244202 0.143782 -18.1443
0.483966 0.245017 0.156259 -22.3991
0.49772 0.245951 0.16704 -26.8464
0.51135 0.247003 0.175682 -31.4899
0.524852 0.24817 0.18177 -36.34
0.538224 0.24945 0.184932 -41.4178
0.551462 0.250838 0.184861 -46.7573
0.564562 0.252327 0.181331 -52.4094
0.577521 0.253912 0.174215 -58.4447
0.590337 0.255583 0.163507 -64.9577
0.603005 0.257331 0.149344 -72.0704
0.615523 0.259147 0.132029 -79.936
0.627888 0.261018 0.11206 -88.7433
0.640096 0.262931 0.0901668 -98.7209
0.652145 0.264873 0.0673566 -110.141
0.664031 0.266829 0.0449713 -123.325
0.675752 0.268783 0.0247643 -138.644
0.687304 0.270719 0.00899796 -156.521
0.698685 0.272619 0.000569966 -177.428
0.709892 0.274466 0.00317385 -201.874
0.720922 0.27624 0.0214991 -230.385
0.731772 0.277922 0.0614763 -263.455
0.74244 0.279492 0.130567 -301.481
0.752923 0.280931 0.238097 -344.638
0.763218 0.282218 0.395604 -392.704
0.773323 0.283333 0.617178 -444.796
0.783236 0.284254 0.919705 -499.004
0.792953 0.284963 1.32291 -551.928
0.802472 0.285437 1.849 -598.128
0.811792 0.285659 2.52169 -629.589
0.820909 0.285608 3.36425 -635.388
0.829821 0.285264 4.39631 -601.87
0.838527 0.284611 5.62916 -513.8
0.847024 0.283631 7.0596 -356.955
0.85531 0.282306 8.66317 -122.394
0.863382 0.280621 10.388 187.997
0.87124 0.278562 12.1518 556.185
0.87888 0.276115 13.8447 945.473
0.886301 0.273268 15.3394 1303.66
0.893501 0.27001 16.5095 1573.2
0.900479 0.266332 17.2518 1706.42
0.907232 0.262226 17.5061 1680.18
0.913759 0.257685 17.2673 1503.45
0.920059 0.252705 16.5845 1214
0.926129 0.247283 15.5487 865.939
0.931968 0.241417 14.2725 513.937
0.937575 0.235108 12.8699 200.681
0.942948 0.228358 11.4406 -48.9748
0.948087 0.22117 10.0611 -227.352
0.952989 0.213551 8.78251 -339.357
0.957653 0.205508 7.63334 -396.843
0.962079 0.197051 6.62423 -413.879
0.966265 0.188189 5.75347 -403.668
0.970211 0.178936 5.01173 -377.039
0.973914 0.169306 4.38581 -342.053
0.977375 0.159316 3.86113 -304.24
0.980592 0.148982 3.42337 -267.096
0.983565 0.138323 3.05938 -232.629
0.986293 0.127361 2.75755 -201.83
0.988775 0.116116 2.50791 -175.037
0.99101 0.104612 2.30214 -152.206
0.992999 0.0928727 2.13335 -133.083
0.99474 0.0809233 1.99591 -117.328
0.996233 0.0687899 1.88533 -104.58
0.997478 0.0564994 1.79803 -94.5007
0.998474 0.0440794 1.73124 -86.7959
0.999221 0.0315581 1.68286 -81.2269
0.99972 0.018964 1.65141 -77.6137
0.999969 0.0063262 1.63592 -75.837
0.999969 -0.0063262 1.63592 -75.837
0.99972 -0.018964 1.65141 -77.6137
0.999221 -0.0315581 1.68286 -81.2269
0.998474 -0.0440794 1.73124 -86.7959
0.997478 -0.0564994 1.79803 -94.5007
0.996233 -0.0687899 1.88533 -104.58
0.99474 -0.0809233 1.99591 -117.328
0.992999 -0.0928727 2.13335 -133.083
0.99101 -0.104612 2.30214 -152.206
0.988775 -0.116116 2.50791 -175.037
0.986293 -0.127361 2.75755 -201.83
0.983565 -0.138323 3.05938 -232.629
0.980592 -0.148982 3.42337 -267.096
0.977375 -0.159316 3.86113 -304.24
0.973914 -0.169306 4.38581 -342.053
0.970211 -0.178936 5.01173 -377.039
0.966265 -0.188189 5.75347 -403.668
0.962079 -0.197051 6.62423 -413.879
0.957653 -0.205508 7.63334 -396.843
0.952989 -0.213551 8.78251 -339.357
0.948087 -0.22117 10.0611 -227.352
0.942948 -0.228358 11.4406 -48.9748
0.937575 -0.235108 12.8699 200.681
0.931968 -0.241417 14.2725 513.937
0.926129 -0.247283 15.5487 865.939
0.920059 -0.252705 16.5845 1214
0.913759 -0.257685 17.2673 1503.45
0.907232 -0.262226 17.5061 1680.18
0.900479 -0.266332 17.2518 1706.42
0.893501 -0.27001 16.5095 1573.2
0.886301 -0.273268 15.3394 1303.66
0.87888 -0.276115 13.8447 945.473
0.87124 -0.278562 12.1518 556.185
0.863382 -0.280621 10.388 187.997
0.85531 -0.282306 8.66317 -122.394
0.847024 -0.283631 7.0596 -356.955
0.838527 -0.284611 5.62916 -513.8
0.829821 -0.285264 4.39631 -601.87
0.820909 -0.285608 3.36425 -635.388
0.811792 -0.285659 2.52169 -629.589
0.802472 -0.285437 1.849 -598.128
0.792953 -0.284963 1.32291 -551.928
0.783236 -0.284254 0.919705 -499.004
0.773323 -0.283333 0.617178 -444.796
0.763218 -0.282218 0.395604 -392.704
0.752923 -0.280931 0.238097 -344.638
0.74244 -0.279492 0.130567 -301.481
0.731772 -0.277922 0.0614763 -263.455
0.720922 -0.27624 0.0214991 -230.385
0.709892 -0.274466 0.00317385 -201.874
0.698685 -0.272619 0.000569966 -177.428
0.687304 -0.270719 0.00899796 -156.521
0.675752 -0.268783 0.0247643 -138.644
0.664031 -0.266829 0.0449713 -123.325
0.652145 -0.264873 0.0673566 -110.141
0.640096 -0.262931 0.0901668 -98.7209
0.627888 -0.261018 0.11206 -88.7433
0.615523 -0.259147 0.132029 -79.936
0.603005 -0.257331 0.149344 -72.0704
0.590337 -0.255583 0.163507 -64.9577
0.577521 -0.253912 0.174215 -58.4447
0.564562 -0.252327 0.181331 -52.4094
0.551462 -0.250838 0.184861 -46.7573
0.538224 -0.24945 0.184932 -41.4178
0.524852 -0.24817 0.18177 -36.34
0.51135 -0.247003 0.175682 -31.4899
0.49772 -0.245951 0.16704 -26.8464
0.483966 -0.245017 0.156259 -22.3991
0.470091 -0.244202 0.143782 -18.1443
0.456099 -0.243506 0.130066 -14.0834
0.441994 -0.242928 0.115565 -10.2204
0.427778 -0.242466 0.100716 -6.55991
0.413456 -0.242116 0.0859296 -3.1059
0.399031 -0.241875 0.0715812 0.139238
0.384506 -0.241739 0.0580018 3.17541
0.369885 -0.2417 0.0454746 6.00506
0.355173 -0.241754 0.0342312 8.63322
0.340371 -0.241893 0.0244505 11.0672
0.325485 -0.24211 0.016259 13.3165
0.310518 -0.242396 0.00973218 15.3917
0.295473 -0.242744 0.00489751 17.3048
0.280355 -0.243145 0.00173749 19.068
0.265167 -0.24359 0.000193939 20.6933
0.249913 -0.24407 0.00017234 22.1925
0.234597 -0.244576 0.00154662 23.5762
0.219222 -0.245099 0.00416402 24.8539
0.203792 -0.245631 0.00785002 26.0335
0.188312 -0.246163 0.0124134 27.1216
0.172784 -0.246686 0.017651 28.1231
0.157214 -0.247193 0.0233529 29.041
0.141605 -0.247676 0.0293071 29.8774
0.12596 -0.248128 0.0353044 30.6326
0.110283 -0.248543 0.0411427 31.306
0.0945798 -0.248915 0.0466318 31.8962
0.0788525 -0.249239 0.0515972 32.4011
0.0631056 -0.249509 0.055884 32.8186
0.047343 -0.249724 0.0593608 33.1462
0.0315685 -0.249879 0.0619217 33.3819
0.0157862 -0.249974 0.0634897 33.524
1.22465e-16 -0.250005 0.0640176 33.5715
