-1.22465e-16 -0.1036 1.89899 1.89899
-0.0315685 -0.104545 1.87606 1.89133
-0.0631056 -0.107364 1.80928 1.86875
-0.0945798 -0.112008 1.70419 1.83244
-0.12596 -0.118395 1.56865 1.78416
-0.157214 -0.126414 1.41133 1.72598
-0.188312 -0.135925 1.24032 1.66005
-0.219222 -0.146765 1.06216 1.58838
-0.249913 -0.158745 0.881409 1.51268
-0.280355 -0.171661 0.700599 1.43432
-0.310518 -0.185292 0.520446 1.35431
-0.340371 -0.199406 0.340152 1.27329
-0.369885 -0.213766 0.157718 1.19159
-0.399031 -0.228134 -0.0297833 1.10929
-0.427778 -0.24227 -0.225986 1.02622
-0.456099 -0.255946 -0.435027 0.942071
-0.483966 -0.26894 -0.661313 0.856376
-0.51135 -0.281046 -0.909192 0.768588
-0.538224 -0.292075 -1.18245 0.678126
-0.564562 -0.301857 -1.48352 0.584439
-0.590337 -0.310248 -1.81246 0.487092
-0.615523 -0.317123 -2.16552 0.385873
-0.640096 -0.322389 -2.53382 0.280916
-0.664031 -0.325973 -2.90239 0.172819
-0.687304 -0.327833 -3.25046 0.0627322
-0.709892 -0.327951 -3.55362 -0.0476398
-0.731772 -0.326334 -3.78805 -0.156153
-0.752923 -0.323015 -3.93584 -0.260459
-0.773323 -0.318044 -3.98948 -0.358325
-0.792953 -0.311495 -3.95365 -0.447946
-0.811792 -0.303457 -3.84358 -0.528157
-0.829821 -0.294031 -3.68089 -0.598513
-0.847024 -0.283332 -3.48882 -0.65921
-0.863382 -0.27148 -3.28848 -0.710939
-0.87888 -0.258602 -3.09679 -0.754692
-0.893501 -0.244823 -2.92603 -0.791601
-0.907232 -0.230271 -2.78427 -0.822804
-0.920059 -0.215065 -2.67637 -0.849364
-0.931968 -0.199322 -2.60474 -0.87222
-0.942948 -0.183147 -2.57012 -0.89216
-0.952989 -0.166637 -2.57189 -0.909817
-0.962079 -0.149875 -2.60816 -0.925663
-0.970211 -0.132935 -2.67563 -0.940021
-0.977375 -0.115875 -2.76931 -0.953065
-0.983565 -0.0987434 -2.88223 -0.964834
-0.988775 -0.0815742 -3.00532 -0.975248
-0.992999 -0.0643919 -3.12764 -0.984136
-0.996233 -0.0472107 -3.23721 -0.991268
-0.998474 -0.0300372 -3.3223 -0.996403
-0.99972 -0.0128714 -3.37315 -0.999333
-0.999969 0.00429034 -3.38364 -0.999926
-0.999221 0.0214535 -3.35249 -0.998154
-0.997478 0.0386229 -3.2835 -0.9941
-0.99474 0.0558006 -3.18478 -0.987937
-0.99101 0.0729836 -3.06731 -0.979896
-0.986293 0.0901617 -2.94315 -0.970219
-0.980592 0.107316 -2.82389 -0.959111
-0.973914 0.124417 -2.71958 -0.946702
-0.966265 0.141424 -2.63826 -0.933014
-0.957653 0.158283 -2.58588 -0.917943
-0.948087 0.174928 -2.56655 -0.901241
-0.937575 0.191282 -2.58282 -0.882511
-0.926129 0.207254 -2.63594 -0.861202
-0.913759 0.222742 -2.72589 -0.836603
-0.900479 0.237636 -2.85116 -0.807847
-0.886301 0.251817 -3.0082 -0.77393
-0.87124 0.265161 -3.19068 -0.733743
-0.85531 0.277542 -3.38852 -0.686138
-0.838527 0.288833 -3.58713 -0.630035
-0.820909 0.29891 -3.76735 -0.564568
-0.802472 0.307656 -3.90664 -0.489272
-0.783236 0.314962 -3.98201 -0.404256
-0.763218 0.320732 -3.97442 -0.310323
-0.74244 0.324885 -3.87352 -0.208978
-0.720922 0.327358 -3.68074 -0.102274
-0.698685 0.32811 -3.40921 0.00745594
-0.675752 0.32712 -3.08047 0.11793
-0.652145 0.324394 -2.71925 0.227201
-0.627888 0.319962 -2.34856 0.333836
-0.603005 0.313881 -1.98639 0.436968
-0.577521 0.306235 -1.64464 0.536243
-0.551462 0.297131 -1.32943 0.631717
-0.524852 0.286706 -1.04245 0.723728
-0.49772 0.275116 -0.782296 0.81278
-0.470091 0.262541 -0.545736 0.899449
-0.441994 0.24918 -0.328629 0.984308
-0.413456 0.235245 -0.126548 1.06787
-0.384506 0.220964 0.0648136 1.15052
-0.355173 0.20657 0.249366 1.23252
-0.325485 0.192303 0.430417 1.3139
-0.295473 0.178401 0.610459 1.39448
-0.265167 0.1651 0.790927 1.47376
-0.234597 0.152625 0.971904 1.55094
-0.203792 0.14119 1.1518 1.62482
-0.172784 0.130993 1.32709 1.69385
-0.141605 0.122208 1.49218 1.75617
-0.110283 0.114989 1.63968 1.80967
-0.0788525 0.109462 1.76107 1.85221
-0.047343 0.105723 1.84788 1.88184
-0.0157862 0.103837 1.89323 1.89707
0.0157862 0.103837 1.89323 1.89707
0.047343 0.105723 1.84788 1.88184
0.0788525 0.109462 1.76107 1.85221
0.110283 0.114989 1.63968 1.80967
0.141605 0.122208 1.49218 1.75617
0.172784 0.130993 1.32709 1.69385
0.203792 0.14119 1.1518 1.62482
0.234597 0.152625 0.971904 1.55094
0.265167 0.1651 0.790927 1.47376
0.295473 0.178401 0.610459 1.39448
0.325485 0.192303 0.430417 1.3139
0.355173 0.20657 0.249366 1.23252
0.384506 0.220964 0.0648136 1.15052
0.413456 0.235245 -0.126548 1.06787
0.441994 0.24918 -0.328629 0.984308
0.470091 0.262541 -0.545736 0.899449
0.49772 0.275116 -0.782296 0.81278
0.524852 0.286706 -1.04245 0.723728
0.551462 0.297131 -1.32943 0.631717
0.577521 0.306235 -1.64464 0.536243
0.603005 0.313881 -1.98639 0.436968
0.627888 0.319962 -2.34856 0.333836
0.652145 0.324394 -2.71925 0.227201
0.675752 0.32712 -3.08047 0.11793
0.698685 0.32811 -3.40921 0.00745594
0.720922 0.327358 -3.68074 -0.102274
0.74244 0.324885 -3.87352 -0.208978
0.763218 0.320732 -3.97442 -0.310323
0.783236 0.314962 -3.98201 -0.404256
0.802472 0.307656 -3.90664 -0.489272
0.820909 0.29891 -3.76735 -0.564568
0.838527 0.288833 -3.58713 -0.630035
0.85531 0.277542 -3.38852 -0.686138
0.87124 0.265161 -3.19068 -0.733743
0.886301 0.251817 -3.0082 -0.77393
0.900479 0.237636 -2.85116 -0.807847
0.913759 0.222742 -2.72589 -0.836603
0.926129 0.207254 -2.63594 -0.861202
0.937575 0.191282 -2.58282 -0.882511
0.948087 0.174928 -2.56655 -0.901241
0.957653 0.158283 -2.58588 -0.917943
0.966265 0.141424 -2.63826 -0.933014
0.973914 0.124417 -2.71958 -0.946702
0.980592 0.107316 -2.82389 -0.959111
0.986293 0.0901617 -2.94315 -0.970219
0.99101 0.0729836 -3.06731 -0.979896
0.99474 0.0558006 -3.18478 -0.987937
0.997478 0.0386229 -3.2835 -0.9941
0.999221 0.0214535 -3.35249 -0.998154
0.999969 0.00429034 -3.38364 -0.999926
0.99972 -0.0128714 -3.37315 -0.999333
0.998474 -0.0300372 -3.3223 -0.996403
0.996233 -0.0472107 -3.23721 -0.991268
0.992999 -0.0643919 -3.12764 -0.984136
0.988775 -0.0815742 -3.00532 -0.975248
0.983565 -0.0987434 -2.88223 -0.964834
0.977375 -0.115875 -2.76931 -0.953065
0.970211 -0.132935 -2.67563 -0.940021
0.962079 -0.149875 -2.60816 -0.925663
0.952989 -0.166637 -2.57189 -0.909817
0.942948 -0.183147 -2.57012 -0.89216
0.931968 -0.199322 -2.60474 -0.87222
0.920059 -0.215065 -2.67637 -0.849364
0.907232 -0.230271 -2.78427 -0.822804
0.893501 -0.244823 -2.92603 -0.791601
0.87888 -0.258602 -3.09679 -0.754692
0.863382 -0.27148 -3.28848 -0.710939
0.847024 -0.283332 -3.48882 -0.65921
0.829821 -0.294031 -3.68089 -0.598513
0.811792 -0.303457 -3.84358 -0.528157
0.792953 -0.311495 -3.95365 -0.447946
0.773323 -0.318044 -3.98948 -0.358325
0.752923 -0.323015 -3.93584 -0.260459
0.731772 -0.326334 -3.78805 -0.156153
0.709892 -0.327951 -3.55362 -0.0476398
0.687304 -0.327833 -3.25046 0.0627322
0.664031 -0.325973 -2.90239 0.172819
0.640096 -0.322389 -2.53382 0.280916
0.615523 -0.317123 -2.16552 0.385873
0.590337 -0.310248 -1.81246 0.487092
0.564562 -0.301857 -1.48352 0.584439
0.538224 -0.292075 -1.18245 0.678126
0.51135 -0.281046 -0.909192 0.768588
0.483966 -0.26894 -0.661313 0.856376
0.456099 -0.255946 -0.435027 0.942071
0.427778 -0.24227 -0.225986 1.02622
0.399031 -0.228134 -0.0297833 1.10929
0.369885 -0.213766 0.157718 1.19159
0.340371 -0.199406 0.340152 1.27329
0.310518 -0.185292 0.520446 1.35431
0.280355 -0.171661 0.700599 1.43432
0.249913 -0.158745 0.881409 1.51268
0.219222 -0.146765 1.06216 1.58838
0.188312 -0.135925 1.24032 1.66005
0.157214 -0.126414 1.41133 1.72598
0.12596 -0.118395 1.56865 1.78416
0.0945798 -0.112008 1.70419 1.83244
0.0631056 -0.107364 1.80928 1.86875
0.0315685 -0.104545 1.87606 1.89133
1.22465e-16 -0.1036 1.89899 1.89899
