1 1 0 0
2 0.951057 0.309017 0
3 0.809017 0.587785 0
4 0.587785 0.809017 0
5 0.309017 0.951057 0
6 6.12323e-17 1 0
7 -0.309017 0.951057 0
8 -0.587785 0.809017 0
9 -0.809017 0.587785 0
10 -0.951057 0.309017 0
11 -1 1.22465e-16 0
12 -0.951057 -0.309017 0
13 -0.809017 -0.587785 0
14 -0.587785 -0.809017 0
15 -0.309017 -0.951057 0
16 -1.83697e-16 -1 0
17 0.309017 -0.951057 0
18 0.587785 -0.809017 0
19 0.809017 -0.587785 0
20 0.951057 -0.309017 0

1 2 0 0
2 1.90211 0.618034 0
3 1.61803 1.17557 0
4 1.17557 1.61803 0
5 0.618034 1.90211 0
6 1.22465e-16 2 0
7 -0.618034 1.90211 0
8 -1.17557 1.61803 0
9 -1.61803 1.17557 0
10 -1.90211 0.618034 0
11 -2 2.44929e-16 0
12 -1.90211 -0.618034 0
13 -1.61803 -1.17557 0
14 -1.17557 -1.61803 0
15 -0.618034 -1.90211 0
16 -3.67394e-16 -2 0
17 0.618034 -1.90211 0
18 1.17557 -1.61803 0
19 1.61803 -1.17557 0
20 1.90211 -0.618034 0
