-0.524425 -0.417869 0.691628 -6.95583 1.71075 -6.13049 WALL BLUE
-0.0300336 -0.696275 -0.266086 -0.16527 8.20188 -4.69486 WALL BLUE
0.263597 0.142154 -0.335685 -7.9109 0.0586165 1.34789 WALL BLUE
-0.783955 0.278792 -0.973778 4.40369 -7.96371 -0.3411 SOLVENT RED
0.793564 0.519791 0.440584 8.15246 8.57221 -2.44674 WALL RED
-0.351491 -0.611538 0.991106 -6.77407 4.16069 0.0303812 WALL RED
-0.789619 -0.581591 0.118793 4.10864 -8.43533 0.210597 SOLVENT BLUE
0.277205 -0.103584 -0.920256 -0.654973 -8.44487 -9.23799 SOLVENT BLUE
0.377795 0.0694231 0.37384 -4.55086 -0.681348 -4.46889 SOLID RED
-0.826136 -0.0922223 0.891251 7.11439 -7.58047 -9.71672 SOLVENT RED
-0.125219 0.539096 0.748005 -2.46133 8.88656 5.96985 WALL RED
0.172104 0.198326 -0.361305 -1.57677 8.08213 -6.83076 WALL RED
-0.0163255 -0.575741 -0.760495 -9.03274 -1.47948 -3.48436 SOLVENT BLUE
0.246295 0.237401 0.559994 -0.239375 9.79101 8.51702 SOLID RED
0.913139 0.031932 -0.557204 -4.00737 6.20323 -9.87282 SOLVENT RED
-0.26524 -0.185496 0.749006 9.04519 9.8072 -6.99191 SOLID BLUE
0.543691 -0.0824689 0.462446 -6.05689 -0.525788 8.47593 WALL RED
-0.200627 -0.309376 -0.597938 -3.55985 -3.27657 1.41373 SOLID RED
0.287876 0.0358814 0.789749 6.78405 2.7539 -0.473428 SOLID BLUE
0.216399 0.855093 -0.302584 -4.9437 -1.77446 -5.07128 WALL BLUE
0.364689 0.604194 0.70092 -4.47028 2.04536 4.1386 SOLVENT RED
-0.244611 -0.684618 0.291445 2.70546 1.22248 -5.93404 WALL RED
-0.153603 0.289193 0.888456 5.0878 5.21498 -9.17363 WALL BLUE
0.470245 0.219251 0.123771 1.04491 4.053 -4.98227 SOLID BLUE
0.437264 -0.100291 0.29402 -7.58559 -9.10966 8.06766 WALL BLUE
0.188357 0.59042 -0.765565 -0.932221 -9.51849 -0.778502 SOLID RED
-0.00531279 -0.215564 -0.53716 7.38231 -3.09112 5.36857 WALL BLUE
-0.373578 0.323838 0.829468 -3.47979 1.44894 1.01649 SOLVENT RED
0.0109623 -0.288118 0.264855 -5.30609 8.8325 -8.45057 WALL BLUE
-0.256298 -0.964853 0.305693 -5.7206 -1.65463 -2.64137 SOLVENT RED
-0.314083 -0.425627 -0.916847 6.04651 6.87288 6.08269 SOLVENT RED
-0.0464929 -0.922722 0.181768 -4.12932 0.888409 -9.35118 SOLVENT BLUE
-0.0784129 -0.784393 -0.542952 -4.53918 -6.47152 -9.48791 SOLVENT RED
0.32772 0.562155 -0.531067 -4.82917 4.39233 -8.89837 SOLVENT RED
0.848092 -0.689068 -0.950837 -2.5995 -7.23093 8.31837 SOLVENT RED
-0.446576 -0.617108 0.0349132 -8.20193 2.81456 3.23535 SOLID RED
-0.546852 0.718003 -0.812606 -9.29356 -7.74413 8.98518 SOLVENT RED
0.105687 -0.58862 -0.16068 6.73857 -5.9028 -0.39953 SOLVENT RED
0.617062 0.700215 0.304865 -0.0784678 -3.99577 -1.35567 SOLVENT RED
0.629474 -0.188758 0.398311 -5.12848 -4.47967 1.36648 SOLID BLUE
-0.70428 -0.247232 0.29885 6.51698 7.02907 -7.4815 WALL RED
-0.120976 0.347957 0.86504 3.04273 4.14436 4.83405 SOLVENT BLUE
-0.293916 -0.244753 0.495297 7.72205 6.04041 -7.92794 WALL RED
-0.626891 0.408023 0.58783 -1.30714 -8.07179 -0.768755 SOLVENT RED
-0.164458 0.0229353 0.0935793 3.19167 2.17685 5.44523 SOLVENT RED
-0.86787 -0.0285499 -0.354693 0.550266 -9.84926 -6.28155 WALL RED
-0.268191 -0.963325 0.0288279 6.2925 -5.06316 0.923728 SOLVENT BLUE
0.0852853 -0.516404 -0.0292524 5.22781 -3.40571 8.17955 WALL BLUE
-0.0534442 -0.754594 0.897104 6.00011 8.51861 8.41011 SOLID BLUE
0.384863 0.249903 -0.445824 9.68613 4.52018 9.99078 SOLVENT RED
0.855562 0.35086 0.123064 -2.72894 -0.656879 -6.28895 SOLVENT BLUE
-0.857545 0.730284 -0.40043 -2.07609 7.15515 -6.20094 WALL BLUE
0.355921 -0.550499 0.768667 -0.136479 -4.69125 1.45938 SOLID BLUE
0.970268 -0.384425 0.670602 6.85676 -9.4248 4.72053 SOLVENT RED
0.272132 -0.69904 0.93021 -5.76106 5.16267 -8.39164 SOLVENT RED
-0.99624 -0.0254921 -0.502711 1.56718 -0.253273 -1.27259 SOLID BLUE
-0.74151 -0.844406 0.755606 6.07467 4.48478 -3.9364 SOLVENT BLUE
0.278031 0.832207 0.80082 2.52837 2.51916 6.46147 SOLID BLUE
0.952884 0.0759485 0.803054 -2.62634 1.08471 4.69794 SOLVENT BLUE
-0.923035 -0.323466 0.468925 1.8444 5.64346 0.617904 WALL BLUE
0.200198 -0.0311344 0.955218 -5.13907 6.32031 -5.01281 WALL RED
-0.91662 0.753982 0.439658 4.97178 -0.307686 4.72879 SOLID RED
-0.718571 -0.788361 -0.364467 -8.482 -6.87364 -2.52485 SOLVENT BLUE
0.245948 0.743237 -0.100045 8.74627 -2.52632 8.13896 WALL BLUE
-0.758935 0.99667 0.604138 0.52616 6.58976 -6.97759 SOLVENT RED
0.440606 0.241426 -0.505736 7.4618 3.92326 -8.61212 SOLID BLUE
0.769645 0.572699 -0.689934 4.18537 -1.11669 0.925568 WALL RED
-0.807264 0.661661 -0.153898 -5.89552 4.72238 -1.32986 WALL BLUE
0.786776 0.741994 -0.771913 8.60117 -6.41164 8.56372 SOLID RED
0.16154 -0.398802 -0.901624 0.676075 -4.59513 2.48824 SOLID RED
0.72236 -0.642106 -0.490306 -1.7767 5.69846 8.37525 SOLVENT RED
0.0981499 0.998105 0.872732 -3.799 -5.66004 -7.39024 SOLVENT BLUE
-0.415819 -0.811681 0.240935 -1.0009 2.02151 5.32519 SOLID BLUE
0.822951 -0.682785 -0.936605 4.55721 5.94509 -6.64678 SOLID BLUE
-0.628637 -0.318571 -0.900034 -0.11703 -9.19146 5.20091 SOLID RED
-0.109309 0.736792 -0.85276 6.19478 -5.13508 -8.95795 SOLID BLUE
-0.549115 -0.321028 -0.460911 -1.02075 -2.45703 -9.21525 WALL BLUE
0.24877 0.347146 -0.585246 -0.447592 -7.95935 4.33357 SOLID BLUE
0.024332 0.534026 -0.643644 9.26202 7.63727 8.72692 SOLID BLUE
-0.67614 -0.803408 -0.183309 2.50687 5.11663 8.58109 SOLVENT RED
0.21812 -0.540945 0.358965 -4.38884 -9.06365 2.34553 WALL RED
0.956244 -0.980361 0.47536 0.69869 4.05191 -5.65791 SOLID RED
-0.714335 -0.614369 0.373928 4.54782 -0.251272 -9.88834 SOLID BLUE
0.867678 -0.985082 0.634396 -8.79112 -7.74907 1.47208 WALL BLUE
-0.0140438 0.525045 -0.57703 1.77267 2.55741 -2.58226 WALL BLUE
0.985263 -0.599983 0.355258 5.59322 -0.0732101 9.36757 SOLVENT RED
0.161553 0.51791 0.444112 2.07839 0.805312 -6.91863 SOLVENT BLUE
0.154344 0.971035 0.221723 -2.66614 -4.08505 0.371151 SOLVENT RED
0.744091 0.103056 0.664171 7.57806 -0.0764106 -1.91563 SOLVENT BLUE
-0.576651 0.898709 -0.0314221 -6.26231 -1.92022 -9.59149 WALL RED
-0.683617 0.690311 0.145093 -8.80034 -8.68869 3.71326 WALL RED
0.384807 0.0192029 0.140091 3.65184 -4.87609 -6.31509 SOLID RED
0.186476 0.609446 -0.213287 -9.57546 -2.15772 -8.26426 SOLID BLUE
0.19697 -0.447773 -0.888451 1.04228 0.409853 6.44181 SOLID BLUE
0.951171 0.395283 -0.396878 6.83653 9.9179 -3.74318 WALL BLUE
-0.291186 0.930536 -0.336078 2.55417 -7.07468 -6.40552 WALL RED
-0.508369 -0.844198 0.913608 -0.940333 7.14404 -8.3813 SOLVENT BLUE
-0.112362 0.856216 -0.770015 0.379626 0.788137 -2.76099 SOLVENT BLUE
-0.338653 0.80644 0.926406 -9.42463 4.28863 -0.68925 SOLVENT RED
-0.295025 0.845066 0.210249 7.22641 -9.08869 -2.33394 SOLVENT RED
0.22396 -0.989328 -0.946873 -1.62646 0.109281 8.22618 SOLVENT RED
-0.631232 -0.519683 0.584546 -3.74469 -7.30288 5.4142 WALL RED
0.321136 0.924258 0.607911 5.997 -7.74618 8.08816 SOLVENT RED
0.185944 0.849866 0.105283 3.97815 7.57263 4.01748 SOLID RED
0.437756 0.351364 -0.742669 9.71734 -8.66396 -3.00816 WALL BLUE
-0.568033 -0.338049 0.699914 -2.21272 5.02629 -8.42718 SOLID RED
0.596106 0.522512 0.580049 0.0891201 9.39987 -7.59049 WALL BLUE
-0.523237 0.687012 0.409653 5.00784 -7.3261 -3.04573 SOLVENT RED
0.544573 0.5977 -0.564946 4.45982 2.686 8.88172 WALL BLUE
-0.446202 -0.861656 -0.236125 0.335863 -4.24994 -4.50312 SOLVENT RED
0.720935 0.328846 -0.071454 1.53928 -0.372555 5.09339 SOLID RED
0.800557 -0.0941599 -0.696345 -9.39082 4.62666 -7.4701 WALL BLUE
-0.675936 -0.418605 -0.446871 -3.13267 3.85917 0.7403 WALL BLUE
-0.256301 -0.556387 0.222341 -2.75031 -1.17749 -9.89431 WALL RED
-0.0811479 -0.501099 0.507813 4.478 6.88751 6.15474 SOLVENT BLUE
-0.589052 0.820601 0.321385 5.88775 -7.15797 -4.05856 SOLVENT RED
0.270318 0.705372 0.151354 -5.80046 -6.91874 -9.87162 SOLVENT BLUE
-0.22154 0.542335 -0.424079 1.50927 7.00615 -8.23843 WALL RED
0.0226145 0.95116 0.105089 -9.32167 5.77172 -6.58081 SOLVENT BLUE
-0.000992938 0.302662 0.363581 -1.73753 0.792366 -3.85819 WALL RED
-0.50766 0.0454687 0.732202 1.18119 -8.07851 8.4193 WALL BLUE
0.11099 -0.666669 0.0583 9.40551 9.5112 7.51355 SOLID BLUE
-0.434552 -0.926739 0.521061 2.09812 -1.74713 0.724587 WALL BLUE
-0.972057 0.349328 -0.0618964 2.22306 8.1645 9.44495 WALL BLUE
-0.407198 0.744155 -0.835891 -5.27765 -5.14927 -4.28608 SOLID RED
0.532304 -0.891775 0.259152 -0.402325 1.35924 1.08758 SOLID RED
0.776302 -0.118609 -0.0507763 -4.73604 -1.31685 1.60925 SOLID BLUE
0.555761 -0.0806587 0.745588 -1.75175 4.39005 0.258861 SOLID RED
-0.525361 -0.793159 0.32496 5.17108 3.59038 2.82716 WALL RED
0.394413 -0.547287 -0.606736 -6.55616 -9.04261 2.43435 SOLID RED
0.948691 0.469752 -0.320435 5.04851 -4.2269 -6.26296 SOLVENT BLUE
0.958317 -0.103579 -0.881273 9.35177 8.79672 4.96785 SOLVENT BLUE
-0.278828 -0.114718 0.357517 8.4259 -5.86018 6.25491 WALL RED
0.255989 -0.484859 0.474908 -3.89168 7.19591 -4.77883 SOLVENT BLUE
0.00495146 0.954175 -0.519429 3.48886 -4.9019 7.63902 SOLVENT RED
-0.507898 -0.76231 0.0625152 -4.9848 5.27407 -5.35762 WALL BLUE
-0.425111 0.899849 0.416957 -2.24005 -9.41289 -9.91197 SOLID BLUE
-0.0829893 0.310275 0.654659 7.50398 -0.0616749 -6.96185 SOLVENT BLUE
0.597689 -0.722747 0.782104 -6.40586 -2.66882 3.14164 WALL RED
-0.22211 -0.103382 -0.168205 -2.88533 -7.91748 -4.07532 WALL BLUE
0.175939 -0.466544 -0.623953 -2.09971 -5.8448 -9.6902 SOLID BLUE
-0.0501262 -0.575218 0.0356146 -2.44795 2.77323 6.24581 WALL BLUE
-0.292731 0.18784 -0.463275 0.465355 -1.89563 -1.72562 SOLVENT BLUE
0.129991 -0.807494 -0.305973 -7.78566 -3.14329 -4.2092 SOLID RED
0.421865 -0.161178 0.614817 6.73528 6.82331 -2.47784 SOLID BLUE
0.443799 0.0984575 -0.151145 8.42688 -8.53497 -6.74253 SOLVENT BLUE
-0.671374 -0.88927 -0.529856 2.03262 -4.82574 -5.59421 SOLVENT RED
0.996556 -0.171649 0.539818 7.48071 -6.59462 9.10023 SOLVENT RED
0.910075 -0.713878 0.0761506 4.91671 5.22651 -2.98605 SOLID BLUE
-0.489216 0.546399 -0.698396 5.78926 2.03508 -0.483498 WALL BLUE
0.599853 -0.863422 0.183114 9.93551 -1.79012 2.21187 SOLVENT RED
0.435986 -0.869987 -0.648554 0.371173 6.16197 -4.36676 SOLVENT RED
-0.653972 0.960845 0.634373 3.16703 -9.31081 2.85432 WALL BLUE
0.961213 -0.189932 -0.347244 -2.00741 1.25006 5.7869 WALL RED
-0.930581 -0.460437 0.742825 -7.39749 -2.9917 0.22878 SOLVENT BLUE
-0.0522758 -0.512457 -0.764387 -4.23848 -5.13826 -3.13146 SOLVENT RED
-0.74033 0.33582 -0.172509 -6.49858 0.515375 -8.12334 SOLVENT BLUE
-0.669149 -0.367545 -0.788619 4.14889 -6.33461 -9.28717 SOLVENT BLUE
-0.780273 0.402841 0.396392 -7.8262 4.38567 5.52055 SOLID BLUE
-0.638468 -0.287022 0.750096 3.66292 9.29617 -9.85043 WALL RED
0.829037 0.463409 -0.219887 -1.50968 -8.65536 5.53421 SOLVENT BLUE
0.187457 0.840213 -0.360528 7.64478 3.43168 -0.267698 SOLID RED
0.540901 0.283726 0.543977 -7.55194 2.67684 3.90501 WALL BLUE
-0.0548589 0.180754 0.756906 -7.5692 -0.700655 -0.0659237 SOLID RED
-0.437554 0.389937 0.740079 -2.08384 -0.207178 2.5295 SOLVENT BLUE
0.000707941 0.212089 -0.373022 -0.0648237 0.648009 5.48097 WALL RED
0.253813 -0.349795 -0.132415 -6.93848 8.58207 -3.46259 SOLID RED
0.959771 0.709867 0.0761592 0.0577595 0.207334 -4.57103 SOLVENT BLUE
0.703534 -0.516353 0.332679 4.67143 0.205644 4.36741 WALL RED
-0.1582 0.481271 0.245749 -4.11083 5.62147 -5.05935 WALL RED
-0.679971 0.864006 -0.891188 3.76497 -2.33002 -7.23128 SOLID RED
-0.139634 -0.382728 -0.139648 7.90287 -2.16306 7.5065 SOLID RED
-0.0703419 -0.330263 0.461353 -5.59364 6.93586 7.30988 SOLVENT RED
-0.687962 -0.0609834 0.932534 -0.0266493 -4.54568 -8.23322 SOLVENT RED
0.931669 -0.200746 0.105406 -0.363874 6.17353 -4.97386 WALL RED
0.419044 -0.504796 0.50098 -4.78287 0.646099 4.75698 WALL RED
0.903004 0.235683 -0.297174 7.23391 1.60131 -0.257393 WALL BLUE
-0.701082 0.544667 -0.866417 6.9573 -8.10204 6.85198 SOLID RED
-0.0944631 0.0143492 -0.609154 1.57844 4.34716 -8.30814 WALL BLUE
0.326435 -0.813213 0.977074 -2.39232 -4.88582 4.88693 SOLID RED
-0.372191 -0.910837 -0.470202 -7.76616 9.54372 -9.46387 SOLID RED
-0.595383 -0.662849 0.334487 8.79919 -9.43404 -9.15753 WALL RED
-0.903366 0.202039 -0.834348 7.83005 -7.14381 -9.64974 WALL RED
0.658452 0.159431 0.681145 -2.54246 -7.78548 9.37275 WALL RED
-0.504681 0.198145 -0.078464 -9.18333 0.55928 0.317752 WALL BLUE
0.693007 0.82659 0.52232 7.12116 3.97314 -8.81184 SOLID BLUE
0.0802331 0.471079 -0.371077 -9.36362 -7.67176 -9.18378 SOLID BLUE
-0.695993 -0.71892 0.0418479 5.53266 0.419586 -9.29627 SOLVENT BLUE
-0.254582 0.275216 0.4986 4.52972 5.06586 -3.39852 SOLVENT BLUE
-0.132483 -0.797996 -0.918078 -8.61481 -7.77234 5.88476 SOLID BLUE
-0.815471 -0.649819 -0.866813 -5.81194 -5.46168 -8.01965 WALL RED
-0.820833 0.860311 -0.393934 -1.72482 -2.35207 -8.78575 WALL RED
0.074525 0.996061 -0.922272 1.33656 -8.34569 -9.85147 SOLVENT RED
0.68279 0.20511 -0.082775 -6.85461 -5.66645 5.93702 WALL BLUE
-0.789102 -0.16018 -0.0965413 1.36283 2.17905 -9.91311 SOLVENT BLUE
-0.289004 0.752844 0.30611 -6.51932 -5.81559 -5.53114 SOLID RED
0.123775 -0.377625 -0.924653 5.81933 -7.57919 -6.3217 SOLID RED
0.967717 -0.950361 -0.811842 -5.89076 9.994 -1.14744 WALL BLUE
-0.597543 -0.464356 -0.0455502 4.08282 6.06317 -0.323993 WALL BLUE
-0.973186 -0.36712 0.460398 -7.74809 -6.53384 7.27677 WALL BLUE
