-0.000455162946372 0.0 8.10830088174e-05 0.0 0.000600785549468 0.0
0.00471713325456 0.0 -2596.11162133 0.0 -0.00276882311873 0.0
-0.000349468241362 0.0 0.00397282386859 0.0 841.907322214 0.0
-2596.13707757 0.0 0.00463623856061 0.0 0.00057972579017 0.0
-5.38282329423e-05 0.0 -0.000626281880376 0.0 -0.0017858201878 0.0
0.00143611427633 0.0 -0.00124437303505 0.0 0.000728202539973 0.0
0.000959488057513 0.0 -0.00111072498672 0.0 0.00234002120487 0.0
0.00192986015783 0.0 0.00131974944825 0.0 -0.000206355959712 0.0
-0.000321923469012 0.0 -0.00059786182801 0.0 -0.0012979583857 0.0
-0.0107404954796 0.0 0.156879161799 0.0 0.00485712106927 0.0
-0.00528150434594 0.0 -0.00402416820696 0.0 -0.0105395724248 0.0
0.00385782315237 0.0 1294.76928291 0.0 -0.00704497964118 0.0
-0.00266828308179 0.0 0.00197852392886 0.0 -1332.63282344 0.0
1294.30288871 0.0 0.00392061495851 0.0 0.00253135583502 0.0
0.00528576924693 0.0 -0.00747299922662 0.0 0.309933239354 0.0
-0.061216113861 0.0 -0.0179674401404 0.0 -0.00387619689485 0.0
