read '/home/lisergey/.udx/default.cfg'
read off 'data/cells/rbc/sc/642.off'
nv: 642
com: -0.364791 2.46565 0.904103
com: 4.0172e-10 2.98419 -0.291736
com: 0.201712 2.10078 0.994599
com: 0.58705 2.20122 0.980081
com: 0.385801 -1.43456e-07 -0.359831
com: -2.07969 1.92223 0.594816
com: 0.965161 1.07128 -0.803726
com: 1.438 -1.60288 0.994143
com: -0.385801 -1.4828e-08 -0.359831
com: -0.364791 -2.46565 -0.904103
com: 0.199395 -1.47623 -0.825463
com: 2.41417 0.432286 -0.923858
com: 2.67675 0.218348 -0.764514
com: -1.438 -1.60288 -0.994143
com: -0.997221 -2.23272 -0.92716
com: -1.17175 2.78093 -0.157386
com: -0.802557 -1.93432 -0.994229
com: 2.97792 0.215424 -0.287028
com: -2.37229 1.86128 0.170499
com: -0.788657 2.72277 0.590919
com: -1.4917 0.630432 -0.880617
com: 1.82873 -1.47686 0.962319
com: 1.01539 -1.65588 -0.977681
com: -1.39131 2.1934 0.838046
com: -1.73796 0.844629 -0.975814
com: 2.30269 1.51238 0.692826
com: -1.88135 1.6619e-08 0.965034
com: -2.07739 0.632447 -0.993305
com: -1.4917 -0.630432 0.880617
com: 1.0306 8.10224e-08 -0.603905
com: 2.60924 0.649758 -0.761407
com: 1.57892 -0.214094 -0.870087
com: 2.67675 -0.218348 -0.764514
com: 2.30269 1.51238 -0.692826
com: 0.997221 -2.23272 0.92716
com: -1.84358 2.38863 0.159512
com: -8.27428e-08 -0.601512 -0.422366
com: -0.597888 -0.957613 -0.651781
com: 0.597888 0.957613 -0.651781
com: -0.58705 -2.20122 0.980081
com: -0.802557 -1.93432 0.994229
com: 1.20669 1.34886 0.946454
com: 1.36458 -1.00838 0.909872
com: 0.597888 -0.957613 -0.651781
com: 1.82873 -1.47686 -0.962319
com: -1.57892 -0.214094 -0.870087
com: -0.779097 0.685141 0.607228
com: 0.409288 2.99058 -0.153107
com: 3.16967e-08 0.601512 0.422366
com: 1.39131 2.1934 -0.838046
com: 2.792 -1.05882 0.286006
com: 0.203823 -0.311672 -0.356762
com: 1.4917 -0.630432 0.880617
com: 2.16086 -0.215417 0.993304
com: -0.201712 2.10078 -0.994599
com: 1.75365 2.08663 -0.724757
com: -2.36684 -1.70778 -0.450248
com: 0.403798 -1.21285 0.725385
com: -1.39131 2.1934 -0.838046
com: -2.37229 -1.86128 -0.170499
com: -1.80802 2.28006 -0.467162
com: -2.7747 -1.22111 -1.37795e-08
com: -2.60917 -1.45122 0.28735
com: -2.37229 -1.86128 0.170499
com: -0.997221 2.23272 0.92716
com: 0.597888 -0.957613 0.651781
com: 0.20673 -0.890316 -0.549132
com: 0.965161 -1.07128 0.803726
com: 1.16105 2.67373 0.457518
com: -2.47019 1.06437 -0.76064
com: -2.17499 1.29324 -0.882677
com: 0.203823 -0.311672 0.356762
com: -2.67675 0.218348 -0.764514
com: 1.01539 1.65588 -0.977681
com: -1.36458 1.00838 -0.909872
com: 2.47019 -1.06437 -0.76064
com: -0.199395 1.47623 0.825463
com: -1.84358 -2.38863 0.159512
com: 0.931511 -0.370362 -0.590433
com: -0.385801 -5.98327e-10 0.359831
com: 2.7747 -1.22111 9.15113e-09
com: 1.88135 7.99181e-09 0.965034
com: -1.75365 2.08663 -0.724757
com: -1.01539 1.65588 0.977681
com: -1.17175 -2.78093 0.157386
com: -0.409288 2.99058 0.153107
com: -0.931511 0.370362 -0.590433
com: -1.51474 -2.56329 -0.312011
com: 2.47019 -1.06437 0.76064
com: -0.80049 -2.92392 5.25953e-09
com: 1.16105 -2.67373 -0.457518
com: -0.597888 0.957613 0.651781
com: -1.16105 -2.67373 -0.457518
com: 2.07739 0.632447 -0.993305
com: 1.80802 -2.28006 -0.467162
com: 0.594359 -1.59387 0.911423
com: -0.802557 1.93432 -0.994229
com: 1.6297 -1.85642 0.915443
com: 1.17175 2.78093 -0.157386
com: -2.97792 -0.215424 0.287028
com: 2.37229 1.86128 -0.170499
com: 0.779097 -0.685141 0.607228
com: 1.17175 -2.78093 0.157386
com: 0.201712 2.10078 -0.994599
com: 1.73796 0.844629 -0.975814
com: 1.82873 1.47686 -0.962319
com: 0.802557 -1.93432 -0.994229
com: 2.60924 0.649758 0.761407
com: 1.97827 -1.06526 0.985492
com: -1.16105 2.67373 0.457518
com: -2.60917 1.45122 0.28735
com: 2.41417 0.432286 0.923858
com: 2.60924 -0.649758 -0.761407
com: -0.408019 -2.89297 0.444366
com: 1.36458 1.00838 0.909872
com: 1.80802 -2.28006 0.467162
com: 1.4917 0.630432 0.880617
com: 2.13587 -2.15132 1.55083e-09
com: 0.409288 -2.99058 0.153107
com: 2.36684 -1.70778 0.450248
com: 0.931511 0.370362 0.590433
com: 0.203823 0.311672 0.356762
com: -2.07739 0.632447 0.993305
com: -0.203823 0.311672 0.356762
com: 6.54272e-09 -2.66057 0.787275
com: -1.01539 -1.65588 -0.977681
com: -1.75365 -2.08663 -0.724757
com: -1.82873 -1.47686 0.962319
com: -0.997221 -2.23272 0.92716
com: -2.13587 2.15132 -1.56119e-09
com: 1.57892 -0.214094 0.870087
com: -0.203823 -0.311672 -0.356762
com: -2.41417 -0.432286 -0.923858
com: -3.16247e-08 -0.601512 0.422366
com: 1.88135 1.27018e-08 -0.965034
com: -1.24754 -0.396939 0.740478
com: -0.931511 -0.370362 0.590433
com: 0.779097 0.685141 -0.607228
com: 0.802557 1.93432 0.994229
com: 0.403798 1.21285 -0.725385
com: -0.589948 -0.333284 0.449788
com: -0.20673 -0.890316 0.549132
com: -2.86465 1.21674e-09 0.545641
com: 2.97792 0.215424 0.287028
com: 0.199395 -1.47623 0.825463
com: -0.788657 2.72277 -0.590919
com: -2.47019 1.06437 0.76064
com: -0.409288 2.99058 -0.153107
com: -1.57892 0.214094 -0.870087
com: 1.51474 -2.56329 -0.312011
com: 2.91597 -0.64315 -0.285919
com: 1.17175 -2.78093 -0.157386
com: 1.12196 -2.48396 0.724853
com: 2.13587 2.15132 -1.4738e-09
com: 0.594359 1.59387 0.911423
com: -2.5367e-08 1.77402 0.935759
com: -2.67675 -0.218348 -0.764514
com: 1.24754 -0.396939 -0.740478
com: 2.36684 1.70778 -0.450248
com: -2.91597 -0.64315 -0.285919
com: 1.36458 -1.00838 -0.909872
com: 0.199395 1.47623 0.825463
com: -0.20673 -0.890316 -0.549132
com: 0.408019 -2.89297 -0.444366
com: -1.0306 -2.7934e-09 0.603905
com: -2.36684 1.70778 0.450248
com: 0.201712 -2.10078 0.994599
com: 0.400004 2.71806 -0.701368
com: 0.594359 -1.59387 -0.911423
com: 1.16105 -2.67373 0.457518
com: -5.77979e-08 1.77402 -0.935759
com: 0.403798 -1.21285 -0.725385
com: 0.802557 1.93432 -0.994229
com: 0.594359 1.59387 -0.911423
com: -1.4917 -0.630432 -0.880617
com: 2.36684 -1.70778 -0.450248
com: -0.594359 1.59387 -0.911423
com: 2.47019 1.06437 0.76064
com: 1.84358 -2.38863 -0.159512
com: -2.30269 -1.51238 0.692826
com: -1.01539 -1.65588 0.977681
com: -2.792 1.05882 0.286006
com: 1.97827 -1.06526 -0.985492
com: 2.60917 -1.45122 -0.28735
com: 2.73419 -0.862443 0.541919
com: 1.80802 2.28006 -0.467162
com: 2.41417 -0.432286 -0.923858
com: 2.07969 1.92223 -0.594816
com: 2.30269 -1.51238 0.692826
com: 2.37229 1.86128 0.170499
com: -0.364791 2.46565 -0.904103
com: -2.30269 1.51238 -0.692826
com: -2.60917 -1.45122 -0.28735
com: -1.80802 -2.28006 -0.467162
com: -1.82873 -1.47686 -0.962319
com: -0.58705 2.20122 0.980081
com: 1.20669 -1.34886 0.946454
com: -2.73419 0.862443 0.541919
com: -1.88135 6.57084e-08 -0.965034
com: -2.60924 0.649758 -0.761407
com: -2.41417 0.432286 -0.923858
com: -1.24754 0.396941 -0.740478
com: 0.80049 -2.92392 6.13375e-09
com: -1.97827 -1.06526 0.985492
com: 0.58705 -2.20122 0.980081
com: -0.403798 1.21285 0.725385
com: -1.51474 2.56329 -0.312011
com: -1.24754 -0.396939 -0.740478
com: -1.438 -1.60288 0.994143
com: 2.16086 0.215417 0.993304
com: 1.75365 2.08663 0.724757
com: 1.57892 0.214094 0.870087
com: -0.594359 1.59387 0.911423
com: 1.17175 2.78093 0.157386
com: 0.408019 2.89297 0.444366
com: 1.82873 1.47686 0.962319
com: 2.91597 0.64315 -0.285919
com: 2.97792 -0.215424 0.287028
com: -1.17175 -2.78093 -0.157386
com: -1.0306 -4.18739e-08 -0.603905
com: 1.75365 -2.08663 -0.724757
com: 2.792 1.05882 -0.286006
com: 2.60924 -0.649758 0.761407
com: -2.73419 -0.862443 0.541919
com: 2.17499 -1.29324 0.882677
com: 2.91597 -0.64315 0.285919
com: -0.400004 -2.71806 0.701368
com: -3.74794e-10 -2.98419 -0.291736
com: 2.07969 -1.92223 -0.594816
com: -1.36458 -1.00838 -0.909872
com: 1.01539 -1.65588 0.977681
com: -4.44205e-09 -2.98419 0.291736
com: -2.97792 0.215424 0.287028
com: 1.80802 2.28006 0.467162
com: 1.84358 2.38863 -0.159512
com: -1.438 1.60288 -0.994143
com: -0.997221 2.23272 -0.92716
com: -2.07739 -0.632447 0.993305
com: 1.438 -1.60288 -0.994143
com: -1.57892 -0.214094 0.870087
com: -1.97827 1.06526 -0.985492
com: 1.39131 -2.1934 -0.838046
com: -0.597888 0.957613 -0.651781
com: 1.16105 2.67373 -0.457518
com: -1.438 1.60288 0.994143
com: 1.51474 2.56329 0.312011
com: -0.788657 -2.72277 0.590919
com: -1.80802 2.28006 0.467162
com: 1.97827 1.06526 0.985492
com: -1.24754 0.396939 0.740478
com: 0.20673 -0.890316 0.549132
com: -0.931511 0.370362 0.590433
com: 0.364791 -2.46565 -0.904103
com: -2.75181e-09 -2.66057 -0.787275
com: -1.4917 0.630432 0.880617
com: -1.57892 0.214094 0.870087
com: -2.91597 0.64315 -0.285919
com: 0.779097 0.685141 0.607228
com: -2.36684 1.70778 -0.450248
com: 2.07969 -1.92223 0.594816
com: -2.07969 1.92223 -0.594816
com: -0.199395 1.47623 -0.825463
com: -0.364791 -2.46565 0.904103
com: 1.84358 -2.38863 0.159512
com: -6.55347e-09 2.66057 0.787275
com: 0.400004 2.71806 0.701368
com: 0.589948 -0.333284 -0.449788
com: -1.75365 -2.08663 0.724757
com: -1.39131 -2.1934 -0.838046
com: -0.400004 2.71806 -0.701368
com: 1.438 1.60288 -0.994143
com: -2.47019 -1.06437 -0.76064
com: 1.24754 -0.396939 0.740478
com: 1.4917 0.630432 -0.880617
com: -2.17499 1.29324 0.882677
com: -0.58705 -2.20122 -0.980081
com: 1.01539 1.65588 0.977681
com: -2.67675 -0.218348 0.764514
com: -0.201712 -2.10078 -0.994599
com: -2.60924 0.649758 0.761407
com: -0.403798 1.21285 -0.725385
com: -0.199395 -1.47623 0.825463
com: -2.7747 1.22111 1.39033e-08
com: -2.37229 1.86128 -0.170499
com: 0.20673 0.890316 -0.549132
com: -0.408019 2.89297 0.444366
com: -0.400004 2.71806 0.701368
com: -2.792 -1.05882 0.286006
com: 2.47019 1.06437 -0.76064
com: 2.73419 0.862443 -0.541919
com: 1.6297 1.85642 0.915443
com: 2.86465 -9.38093e-09 -0.545641
com: 1.24754 0.396941 -0.740478
com: -2.60924 -0.649758 -0.761407
com: -2.73419 -0.862443 -0.541919
com: -0.779097 -0.685141 -0.607228
com: 2.60917 1.45122 -0.28735
com: -0.403798 -1.21285 -0.725385
com: 1.73796 -0.844629 -0.975814
com: 2.67675 0.218348 0.764514
com: 0.788657 2.72277 -0.590919
com: -0.594359 -1.59387 -0.911423
com: -0.594359 -1.59387 0.911423
com: 2.16086 -0.215417 -0.993304
com: 8.24247e-08 0.601512 -0.422366
com: 1.20669 -1.34886 -0.946454
com: 0.997221 2.23272 -0.92716
com: 0.408019 2.89297 -0.444366
com: -0.96516 1.07128 -0.803726
com: -1.20669 1.34886 -0.946454
com: 2.07739 0.632447 0.993305
com: -1.73796 0.844629 0.975814
com: -2.91597 0.64315 0.285919
com: -2.16086 -0.215417 -0.993304
com: -1.97827 1.06526 0.985492
com: 1.6297 1.85642 -0.915443
com: 2.17499 1.29324 0.882677
com: 2.60917 -1.45122 0.28735
com: -0.400004 -2.71806 -0.701368
com: 2.17499 -1.29324 -0.882677
com: -0.589948 -0.333284 -0.449788
com: -2.16086 0.215417 0.993304
com: -0.779097 -0.685141 0.607228
com: -2.41417 0.432286 0.923858
com: 4.35944e-09 2.98419 0.291736
com: -3.00263 0.417566 3.2064e-09
com: -1.36458 -1.00838 0.909872
com: 0.409288 2.99058 0.153107
com: 2.58704e-08 -1.77402 0.935759
com: 2.37229 -1.86128 0.170499
com: -1.12196 2.48396 -0.724853
com: 0.802557 -1.93432 0.994229
com: 0.788657 -2.72277 -0.590919
com: 1.73796 0.844629 0.975814
com: 0.597888 0.957613 0.651781
com: 2.91597 0.64315 0.285919
com: -2.47019 -1.06437 0.76064
com: 1.12196 -2.48396 -0.724853
com: 0.20673 0.890316 0.549132
com: -0.931511 -0.370362 -0.590433
com: -1.84358 -2.38863 -0.159512
com: -0.788657 -2.72277 -0.590919
com: -0.409288 -2.99058 -0.153107
com: 3.00263 0.417566 -1.77881e-09
com: 1.12196 2.48396 0.724853
com: 2.16086 0.215417 -0.993304
com: -0.409288 -2.99058 0.153107
com: 1.51474 -2.56329 0.312011
com: -1.01539 1.65588 -0.977681
com: 0.80049 2.92392 -6.33257e-09
com: 0.364791 2.46565 -0.904103
com: 1.20669 1.34886 -0.946454
com: 2.07739 -0.632447 0.993305
com: -2.60917 1.45122 -0.28735
com: 2.36684 1.70778 0.450248
com: 1.6297 -1.85642 -0.915443
com: -1.16105 -2.67373 0.457518
com: -1.12196 -2.48396 0.724853
com: -1.75365 2.08663 0.724757
com: -1.39131 -2.1934 0.838046
com: -0.779097 0.685141 -0.607228
com: -0.965161 1.07128 0.803726
com: -1.84358 2.38863 -0.159512
com: 0.201712 -2.10078 -0.994599
com: -0.203823 -0.311672 0.356762
com: -2.86465 1.34503e-08 -0.545641
com: -2.97792 0.215424 -0.287028
com: -2.07969 -1.92223 -0.594816
com: -2.07969 -1.92223 0.594816
com: 0.997221 2.23272 0.92716
com: 1.97827 1.06526 -0.985492
com: -0.58705 2.20122 -0.980081
com: 0.931511 0.370362 -0.590433
com: -2.67675 0.218348 0.764514
com: -2.41417 -0.432286 0.923858
com: -0.965161 -1.07128 0.803726
com: -0.203823 0.311672 -0.356762
com: 0.58705 -2.20122 -0.980081
com: 1.39131 2.1934 0.838046
com: -0.597888 -0.957613 0.651781
com: -1.6297 1.85642 0.915443
com: 2.07739 -0.632447 -0.993305
com: 1.4917 -0.630432 -0.880617
com: -1.6297 -1.85642 -0.915443
com: 0.199395 1.47623 -0.825463
com: 1.438 1.60288 0.994143
com: -0.20673 0.890315 -0.549132
com: 3.00263 -0.417566 1.77076e-09
com: -0.408019 2.89297 -0.444366
com: -2.792 -1.05882 -0.286006
com: -2.30269 1.51238 0.692826
com: -0.80049 2.92392 -5.02619e-09
com: -2.91597 -0.64315 0.285919
com: -1.51474 2.56329 0.312011
com: -2.13587 -2.15132 1.45544e-09
com: -2.60924 -0.649758 0.761407
com: -2.16086 0.215417 -0.993304
com: -2.36684 -1.70778 0.450248
com: -2.16086 -0.215417 0.993304
com: -1.73796 -0.844629 0.975814
com: -0.802557 1.93432 0.994229
com: 1.57892 0.214094 -0.870087
com: -0.965161 -1.07128 -0.803726
com: 0.788657 -2.72277 0.590919
com: 0.58705 2.20122 -0.980081
com: 0.400004 -2.71806 -0.701368
com: 5.73244e-08 -1.77402 -0.935759
com: 0.589948 0.333284 -0.449788
com: -0.199395 -1.47623 -0.825463
com: 1.12196 2.48396 -0.724853
com: 0.779097 -0.685141 -0.607228
com: 0.203823 0.311672 -0.356762
com: -0.201712 -2.10078 0.994599
com: 1.73796 -0.844629 0.975814
com: 0.403798 1.21285 0.725385
com: 1.75365 -2.08663 0.724757
com: -0.589948 0.333284 -0.449788
com: -2.07739 -0.632447 -0.993305
com: -2.17499 -1.29324 0.882677
com: -1.36458 1.00838 0.909872
com: -1.82873 1.47686 0.962319
com: -1.6297 -1.85642 0.915443
com: -2.792 1.05882 -0.286006
com: 2.17499 1.29324 -0.882677
com: 2.792 -1.05882 -0.286006
com: -1.12196 -2.48396 -0.724853
com: 1.51474 2.56329 -0.312011
com: 2.30269 -1.51238 -0.692826
com: -2.97792 -0.215424 -0.287028
com: 2.99528e-09 2.66057 -0.787275
com: 0.364791 -2.46565 0.904103
com: 0.400004 -2.71806 0.701368
com: -1.16105 2.67373 -0.457518
com: 2.60917 1.45122 0.28735
com: -2.73419 0.862443 -0.541919
com: 0.408019 -2.89297 0.444366
com: 0.589948 -0.333284 0.449788
com: -1.80802 -2.28006 0.467162
com: 0.931511 -0.370362 0.590433
com: -1.20669 -1.34886 0.946454
com: 0.965161 -1.07128 -0.803726
com: 1.0306 1.48098e-08 0.603905
com: -1.17175 2.78093 0.157386
com: -1.51474 -2.56329 0.312011
com: 2.07969 1.92223 0.594816
com: -0.408019 -2.89297 -0.444366
com: 2.792 1.05882 0.286006
com: 2.86465 -1.66376e-09 0.545641
com: 2.7747 1.22111 -9.21638e-09
com: -0.589948 0.333284 0.449788
com: 2.67675 -0.218348 0.764514
com: -0.20673 0.890316 0.549132
com: 2.37229 -1.86128 -0.170499
com: -1.97827 -1.06526 -0.985492
com: -0.201712 2.10078 0.994599
com: 0.409288 -2.99058 -0.153107
com: 1.39131 -2.1934 0.838046
com: -1.20669 -1.34886 -0.946454
com: -1.6297 1.85642 -0.915443
com: 2.73419 0.862443 0.541919
com: -3.00263 -0.417566 -3.16531e-09
com: -1.82873 1.47686 -0.962319
com: 1.36458 1.00838 -0.909872
com: 0.997221 -2.23272 -0.92716
com: 2.41417 -0.432286 0.923858
com: 0.364791 2.46565 0.904103
com: 2.73419 -0.862443 -0.541919
com: -1.12196 2.48396 0.724853
com: 2.97792 -0.215424 -0.287028
com: -1.20669 1.34886 0.946454
com: 1.84358 2.38863 0.159512
com: 0.965161 1.07128 0.803726
com: 0.589948 0.333284 0.449788
com: -0.403798 -1.21285 0.725385
com: 1.24754 0.396941 0.740478
com: -1.73797 -0.844629 -0.975814
com: 0.385801 -3.53483e-08 0.359831
com: -2.30269 -1.51238 -0.692826
com: -2.17499 -1.29324 -0.882677
com: 0.788657 2.72277 0.590919
com: -5.06528e-09 2.38008 0.952887
com: -1.22935 -1.93516 -0.977128
com: 0.790096 -1.34785 0.857175
com: 2.83252 -0.435149 -0.543885
com: 0.747145 2.49969 0.829448
com: 2.20243e-08 1.15824 -0.666211
com: 1.31414 5.17469e-08 -0.742893
com: -1.4774 2.41066 0.601335
com: -1.98902 -1.71125 0.817905
com: -4.17463e-09 -1.15824 0.666211
com: 2.10904 -2.09557 0.324127
com: 1.82792 -0.422995 -0.963833
com: 2.30435 -0.84794 0.922545
com: -1.64219e-08 2.38008 -0.952887
com: 1.67164e-10 -2.40122e-08 0.314066
com: -0.392491 -1.83405 -0.963678
com: -1.82792 -0.422995 0.963833
com: 1.60955 1.23774 -0.990055
com: -2.83252 0.435149 -0.543885
com: 0.392491 1.83405 0.963678
com: -0.798526 2.86947 0.308805
com: 0.747145 2.49969 -0.829448
com: -1.60955 1.23774 0.990055
com: -0.407728 -0.622776 0.475865
com: -1.4774 2.41066 -0.601335
com: 0.392491 -1.83405 0.963678
com: 2.30435 0.84794 0.922545
com: -2.44999 1.45781e-08 0.925039
com: -1.60955 -1.23774 0.990055
com: 1.12124 -0.755148 -0.761139
com: -0.798526 -2.86947 -0.308805
com: -0.790096 1.34785 -0.857175
com: -1.82792 0.422995 0.963833
com: 1.12124 0.755148 -0.761139
com: 2.91626 0.828 4.37822e-09
com: 0.798526 2.86947 -0.308805
com: 1.12124 0.755148 0.761139
com: -2.30435 0.84794 0.922545
com: 1.98902 1.71125 0.817905
com: 0.407728 0.622776 -0.475865
com: 2.10904 -2.09557 -0.324127
com: 2.56956 -1.27021 0.542912
com: -1.98902 -1.71125 -0.817905
com: 2.56956 1.27021 -0.542912
com: 1.82792 0.422995 -0.963833
com: 1.98902 1.71125 -0.817905
com: -2.58264 -1.58747 -1.84812e-10
com: -2.10904 -2.09557 0.324127
com: -0.407728 0.622776 0.475865
com: 1.4774 2.41066 -0.601335
com: -1.22935 1.93516 -0.977128
com: 2.56956 -1.27021 -0.542912
com: 0.798526 2.86947 0.308805
com: 2.10904 2.09557 -0.324127
com: -1.60955 -1.23774 -0.990055
com: -0.747145 -2.49969 -0.829448
com: -0.747145 2.49969 0.829448
com: 1.52404 -2.62057 2.71902e-09
com: -2.90042e-09 -3.03152 -5.14667e-09
com: -3.04149e-10 -9.3054e-08 -0.314066
com: -2.58264 1.58747 1.59892e-10
com: 0.747145 -2.49969 0.829448
com: 0.790096 1.34785 -0.857175
com: -0.407728 -0.622776 -0.475865
com: 2.56956 1.27021 0.542912
com: 2.58264 1.58747 6.93095e-09
com: 0.798526 -2.86947 0.308805
com: -2.83252 -0.435149 -0.543885
com: -3.03152 1.46501e-09 -1.85484e-10
com: 2.30435 -0.84794 -0.922545
com: 1.52404 2.62057 -2.55808e-09
com: 2.57306e-09 2.8563 0.558729
com: 1.82792 0.422995 0.963833
com: -0.392491 -1.83405 0.963678
com: -1.4774 -2.41066 0.601335
com: -1.12124 -0.755148 0.76114
com: 0.73208 2.18888e-08 0.470934
com: -2.10904 2.09557 0.324127
com: 1.22935 -1.93516 -0.977128
com: 1.22935 -1.93516 0.977128
com: 1.4774 -2.41066 0.601335
com: -0.798526 2.86947 -0.308805
com: -1.52404 -2.62057 3.83002e-09
com: 0.392491 1.83405 -0.963678
com: -1.12124 0.755148 0.761139
com: -1.98902 1.71125 0.817905
com: 0.407728 0.622776 0.475865
com: 0.790096 -1.34785 -0.857175
com: -0.407728 0.622776 -0.475865
com: 1.22935 1.93516 0.977128
com: 0.73208 -6.11982e-09 -0.470934
com: -1.82792 0.422995 -0.963833
com: 2.83252 -0.435149 0.543885
com: -2.91626 0.828 -2.89778e-09
com: -2.10904 2.09557 -0.324127
com: 1.98902 -1.71125 0.817905
com: -0.73208 -5.87885e-08 -0.470934
com: -1.82792 -0.422995 -0.963833
com: 1.67731e-08 -2.38008 -0.952887
com: 3.03152 -2.91049e-09 2.07172e-10
com: -2.30435 -0.84794 -0.922545
com: -1.12124 0.755148 -0.761139
com: -3.00364e-10 -2.8563 -0.558729
com: -1.60955 1.23774 -0.990055
com: -0.747145 2.49969 -0.829448
com: -2.30435 0.84794 -0.922545
com: -0.790096 -1.34785 -0.857175
com: 2.10904 2.09557 0.324127
com: 2.88283e-09 3.03152 5.13796e-09
com: -2.56956 1.27021 0.542912
com: -2.83252 0.435149 0.543885
com: -1.31414 2.3135e-08 -0.742893
com: 0.790096 1.34785 0.857175
com: -0.798526 -2.86947 0.308805
com: 0.392491 -1.83405 -0.963678
com: 2.58264 -1.58747 -6.92807e-09
com: -1.31414 1.33935e-09 0.742893
com: -0.73208 -2.75128e-08 0.470934
com: 1.31414 1.34917e-08 0.742893
com: 3.60753e-09 1.15824 0.666211
com: -1.12124 -0.755148 -0.76114
com: 1.4774 -2.41066 -0.601335
com: 4.50582e-10 2.8563 -0.558729
com: -2.56956 1.27021 -0.542912
com: -1.98902 1.71125 -0.817905
com: -0.790096 1.34785 0.857175
com: 1.60955 -1.23774 0.990055
com: 1.60955 1.23774 0.990055
com: 2.44999 2.19721e-09 -0.925039
com: 0.798526 -2.86947 -0.308805
com: -1.52404 2.62057 -3.98607e-09
com: 2.91626 -0.828 -4.63729e-09
com: -0.790096 -1.34785 0.857175
com: -0.392491 1.83405 -0.963678
com: 1.22935 1.93516 -0.977128
com: -2.44999 2.96668e-08 -0.925039
com: 1.98902 -1.71125 -0.817905
com: -2.10904 -2.09557 -0.324127
com: -2.91626 -0.828 3.17024e-09
com: -2.56956 -1.27021 0.542912
com: -1.22935 1.93516 0.977128
com: -2.56956 -1.27021 -0.542912
com: 1.82792 -0.422995 0.963833
com: 0.747145 -2.49969 -0.829448
com: 2.30435 0.84794 -0.922545
com: 2.83252 0.435149 -0.543885
com: 4.94682e-09 -2.38008 0.952887
com: 0.407728 -0.622776 -0.475865
com: -2.83252 -0.435149 0.543885
com: -2.61149e-09 -2.8563 0.558729
com: 2.83252 0.435149 0.543885
com: 0.407728 -0.622776 0.475865
com: -2.30435 -0.84794 0.922545
com: 1.12124 -0.755148 0.761139
com: -0.392491 1.83405 0.963678
com: 2.44999 -5.31471e-09 0.925039
com: -0.747145 -2.49969 0.829448
com: -1.22935 -1.93516 0.977128
com: -2.13719e-08 -1.15824 -0.666211
com: -1.4774 -2.41066 -0.601335
com: 1.60955 -1.23774 -0.990055
com: 1.4774 2.41066 0.601335
