+1.500e-01 +0.000e+00 +0.000e+00 +1.800e+01
+0.000e+00 +1.500e-01 -0.000e+00 +2.078e+01
+0.000e+00 +0.000e+00 +1.500e-01 +1.470e+01
+0.000e+00 +0.000e+00 +0.000e+00 +1.000e+00
+1.500e-01 +0.000e+00 +0.000e+00 +3.600e+01
+0.000e+00 +1.500e-01 -0.000e+00 +2.078e+01
+0.000e+00 +0.000e+00 +1.500e-01 +1.470e+01
+0.000e+00 +0.000e+00 +0.000e+00 +1.000e+00
+1.500e-01 +0.000e+00 +0.000e+00 +5.400e+01
+0.000e+00 +1.500e-01 -0.000e+00 +2.078e+01
+0.000e+00 +0.000e+00 +1.500e-01 +1.470e+01
+0.000e+00 +0.000e+00 +0.000e+00 +1.000e+00
